10003
10007
10008
10009
10014
10018
10028
10030
10031
10035
10054
10057
10060
10061
10062
10064
10066
10075
10082
10086
10087
10088
10091
10109
10110
10111
10118
10119
10123
10124
10127
10145
10152
10153
10155
10156
10157
10158
10160
10161
10162
10163
10164
10165
10168
10169
10170
10171
10174
10175
10176
10178
10179
10180
10182
10191
10196
10198
10209
10210
10212
10217
10225
10226
10228
10230
10232
10233
10234
10235
10239
10240
10242
10243
10244
10247
10253
10254
10255
10258
10259
10260
10261
10263
10264
10268
10270
10274
10276
10279
10282
10283
10286
10289
10295
10296
10297
10299
10301
10302
10305
10306
10308
10309
10310
10311
10312
10313
10315
10316
10317
10318
10319
10320
10326
10333
10337
10338
10339
10342
10343
10344
10346
10347
10348
10349
10350
10352
10354
10358
10364
10365
10366
10368
10372
10373
10374
10383
10385
10386
10389
10390
10395
10396
10399
10400
10401
10403
10405
10407
10408
10409
10411
10412
10413
10421
10422
10423
10425
10426
10428
10429
10433
10434
10442
10443
10446
10466
10467
10472
10473
10475
10478
10482
10483
10484
10486
10490
10492
10494
10502
10504
10507
10508
10509
10511
10512
10513
10514
10518
10519
10526
10527
10529
10530
10531
10535
10538
10543
10544
10545
10546
10548
10553
10554
10561
10574
10579
10584
10587
10588
10589
10591
10597
10599
10600
10601
10603
10604
10606
10607
10609
10633
10634
10638
10639
10641
10646
10647
10648
10649
10650
10653
10654
10655
10656
10657
10664
10665
10666
10667
10668
10670
10672
10673
10676
10677
10681
10692
10696
10697
10699
10703
10707
10713
10720
10721
10723
10724
10725
10728
10730
10731
10732
10735
10737
10739
10740
10742
10743
10744
10745
10746
10749
10753
10755
10758
10760
10761
10762
10763
10764
10765
10767
10768
10769
10770
10771
10772
10773
10774
10775
10779
10780
10781
10783
10786
10789
10790
10792
10793
10794
10796
10797
10798
10806
10808
10809
10812
10815
10816
10817
10819
10820
10821
10822
10823
10824
10841
10846
10847
10848
10851
10853
10858
10859
10860
10866
10867
10869
10870
10872
10878
10879
10880
10897
10898
10904
10908
10910
10911
10912
10913
10915
10916
10917
10921
10922
10923
10924
10925
10926
10930
10931
10932
10933
10937
10939
10940
10942
10943
10944
10950
10951
10952
10953
10954
10956
10957
10959
10960
10961
10962
10963
10965
10967
10971
10973
10974
10975
10976
10977
10978
10979
10981
10982
10983
10985
10986
10987
10988
10989
10990
10991
10992
10993
10994
11004
11006
11007
11008
11010
11012
11013
11014
11015
11016
11017
11019
11021
11022
11025
11030
11031
11032
11034
11036
11037
11038
11044
11046
11047
11051
11052
11053
11057
11058
11059
11060
11061
11062
11063
11064
11065
11066
11067
11069
11072
11073
11074
11075
11080
11082
11083
11084
11085
11088
11089
11090
11093
11094
11097
11098
11106
11107
11113
11123
11124
11149
11150
11151
11152
11153
11169
11170
11171
11178
11193
11208
11209
11210
11212
11213
11214
11217
11218
11219
11220
11223
11224
11226
11227
11228
11235
11236
11238
11248
11249
11250
11251
11252
11254
11280
11281
11282
11283
11284
11288
11289
11290
11293
11295
11296
11297
11298
11300
11301
11302
11303
11304
11305
11309
11310
11311
11313
11319
11323
11324
11325
11326
11328
11338
11345
11346
11356
11357
11358
11359
11362
11369
11379
11384
11385
11395
11396
11397
11398
11399
11430
11434
11443
11450
11453
11455
11462
11464
11475
11498
11499
11501
11502
11505
11547
11548
11549
11550
11551
11554
11555
11556
11559
11560
11561
11564
11565
11566
11567
11574
11575
11581
11588
11589
11590
11591
11593
11614
11615
11617
11633
11634
11635
11636
11637
11643
11646
11649
11650
11653
11654
11656
11657
11658
11660
11661
11662
11664
11665
11667
11670
11671
11674
11677
11678
11679
11681
11683
11690
11691
11692
11693
11694
11695
11696
11698
11700
11701
11702
11703
11704
11706
11708
11709
11710
11716
11721
11727
11730
11731
11732
11733
11734
11739
11744
11752
11753
11754
11755
11757
11760
11761
11762
11763
11765
11767
11768
11776
11777
11778
11779
11780
11781
11783
11786
11787
11789
11790
11792
11793
11794
11795
11796
11801
11805
11814
11815
11816
11818
11828
11832
11833
11834
11838
11844
11845
11846
11847
11848
11849
11850
11858
11877
11880
11881
11882
11884
11885
11886
11894
11895
11896
11899
11906
11911
11912
11917
11918
11919
11920
11923
11924
11925
11926
11927
11928
11929
11931
11932
11933
11945
11953
11954
11955
11956
11959
11960
11961
11962
11963
11964
11965
11966
11967
11968
11969
11971
11972
11973
11977
11978
11979
11980
11986
11989
11990
11991
11995
11996
11998
12003
12008
12009
12010
12011
12012
12013
12014
12024
12025
12026
12027
12029
12030
12034
12036
12039
12041
12042
12044
12045
12054
12056
12057
12067
12068
12069
12070
12071
12073
12074
12076
12077
12078
12084
12085
12086
12090
12091
12093
12095
12096
12097
12098
12104
12105
12111
12117
12119
12120
12132
12137
12173
12177
12181
12182
12184
12186
12189
12191
12192
12197
12202
12203
12204
12206
12207
12208
12209
12210
12213
12216
12217
12218
12219
12220
12222
12223
12224
12229
12230
12231
12236
12241
12246
12247
12248
12250
12251
12257
12258
12263
12269
12270
12272
12273
12274
12275
12276
12277
12282
12288
12289
12290
12302
12303
12306
12310
12311
12314
12315
12331
12333
12338
12339
12342
12343
12363
12380
12383
12385
12386
12391
12408
12410
12411
12412
12414
12415
12416
12417
12419
12421
12425
12434
12435
12436
12437
12438
12439
12440
12443
12444
12445
12447
12473
12474
12475
12479
12480
12481
12482
12484
12485
12486
12502
12503
12508
12510
12514
12517
12519
12520
12521
12522
12523
12527
12529
12552
12554
12555
12556
12557
12560
12561
12562
12563
12564
12568
12572
12576
12577
12593
12594
12595
12599
12600
12601
12604
12608
12609
12610
12612
12613
12615
12616
12618
12619
12620
12621
12622
12623
12624
12627
12628
12629
12630
12634
12635
12636
12643
12646
12647
12648
12649
12650
12653
12656
12658
12668
12669
12671
12672
12673
12676
12682
12690
12691
12693
12695
12698
12702
12703
12706
12710
12711
12712
12713
12714
12715
12719
12720
12722
12723
12725
12726
12728
12731
12732
12733
12734
12735
12736
12737
12738
12739
12742
12743
12744
12745
12746
12747
12749
12751
12754
12755
12756
12757
12759
12761
12768
12771
12772
12773
12775
12777
12778
12779
12780
12781
12782
12783
12784
12785
12786
12787
12788
12789
12790
12791
12792
12793
12794
12799
12801
12802
12803
12804
12805
12806
12807
12808
12809
12812
12813
12814
12815
12816
12817
12818
12821
12822
12823
12826
12832
12833
12835
12847
12848
12853
12857
12858
12859
12860
12861
12863
12865
12866
12872
12877
12881
12883
12884
12885
12886
12887
12888
12889
12896
12897
12899
12909
12910
12911
12913
12914
12915
12916
12917
12919
12926
12929
12930
12931
12932
12933
12934
12935
12936
12937
12938
12950
12951
12952
12953
12955
12956
12958
12959
12961
12963
12964
12966
12967
12968
12974
12978
12987
12988
12990
12991
12999
13000
13002
13005
13006
13009
13012
13013
13014
13015
13018
13019
13020
13022
13024
13025
13026
13028
13033
13034
13036
13037
13038
13039
13040
13041
13042
13046
13047
13048
13056
13061
13067
13068
13069
13073
13074
13077
13078
13102
13103
13104
13106
13107
13108
13117
13120
13121
13122
13129
13138
13139
13141
13144
13145
13146
13147
13148
13149
13150
13153
13154
13158
13159
13160
13163
13164
13166
13167
13179
13180
13181
13182
13184
13185
13186
13187
13188
13190
13196
13200
13201
13202
13207
13208
13209
13211
13214
13216
13217
13218
13221
13222
13223
13234
13243
13246
13248
13250
13253
13254
13255
13256
13257
13260
13264
13266
13267
13268
13273
13282
13284
13286
13288
13292
13299
13300
13304
13305
13306
13307
13308
13314
13332
13334
13336
13344
13345
13356
13357
13358
13359
13360
13361
13362
13364
13365
13366
13371
13372
13373
13374
13375
13376
13380
13382
13385
13388
13393
13398
13399
13400
13401
13402
13406
13407
13408
13410
13414
13415
13431
13434
13436
13438
13440
13441
13443
13444
13445
13446
13447
13498
13499
13500
13517
13518
13519
13520
13557
13561
13562
13563
13564
13600
13603
13604
13605
13628
13631
13632
13633
13637
13642
13643
13644
13645
13647
13651
13656
13658
13659
13660
13662
13670
13741
13742
13743
13744
13746
13752
13773
13774
13775
13776
13806
13821
13823
13825
13827
13829
13830
13832
13834
13836
13837
13838
13847
13853
13854
13857
13860
13862
13863
13865
13872
13894
13895
13896
13897
13899
13900
13902
13909
13911
13912
13922
13923
13925
13926
13927
13928
13931
13938
13949
13950
13952
13953
13955
13956
13965
13966
13968
13970
13971
13975
13976
13979
13984
13988
13996
13997
13998
13999
14000
14001
14002
14003
14004
14005
14006
14009
14010
14012
14013
14014
14020
14025
14027
14032
14034
14035
14040
14041
14042
14044
14045
14046
14047
14048
14050
14052
14059
14061
14063
14065
14067
14069
14070
14072
14074
14078
14080
14082
14083
14084
14087
14089
14091
14092
14094
14099
14104
14105
14106
14107
14111
14121
14122
14123
14124
14128
14129
14130
14131
14133
14134
14136
14143
14144
14146
14148
14153
14157
14158
14159
14161
14162
14163
14166
14168
14169
14170
14171
14173
14175
14179
14183
14187
14188
14191
14193
14195
14198
14200
14203
14209
14210
14211
14213
14216
14217
14219
14227
14229
14231
14233
14234
14235
14236
14237
14238
14239
14240
14242
14243
14248
14249
14251
14253
14257
14259
14261
14266
14269
14270
14271
14272
14274
14275
14276
14278
14281
14282
14283
14284
14285
14287
14290
14291
14293
14297
14298
14299
14302
14303
14305
14307
14312
14316
14319
14321
14325
14332
14333
14336
14337
14339
14342
14343
14346
14348
14349
14350
14351
14352
14353
14355
14356
14362
14363
14365
14366
14367
14368
14374
14382
14383
14384
14385
14387
14391
14392
14394
14396
14401
14402
14403
14405
14406
14407
14417
14418
14426
14427
14428
14429
14434
14436
14437
14439
14440
14442
14443
14444
14445
14447
14449
14450
14451
14452
14457
14458
14459
14462
14464
14466
14468
14471
14474
14475
14476
14477
14478
14482
14483
14484
14485
14486
14487
14491
14492
14493
14498
14499
14501
14504
14506
14507
14508
14509
14510
14511
14512
14514
14515
14516
14518
14519
14520
14521
14522
14550
14551
14573
14574
14575
14576
14577
14579
14580
14581
14583
14588
14589
14596
14597
14598
14600
14601
14609
14611
14612
14616
14617
14618
14626
14627
14628
14630
14631
14633
14634
14636
14638
14643
14645
14646
14654
14655
14656
14657
14658
14660
14661
14666
14668
14670
14675
14677
14678
14679
14681
14682
14686
14687
14689
14690
14692
14694
14696
14699
14702
14704
14706
14708
14712
14714
14716
14718
14720
14724
14732
14740
14741
14749
14752
14753
14754
14757
14758
14759
14760
14763
14765
14766
14769
14773
14774
14776
14777
14786
14787
14788
14789
14790
14791
14792
14794
14795
14797
14800
14802
14803
14804
14806
14809
14811
14813
14824
14825
14827
14828
14829
14832
14833
14834
14840
14843
14844
14845
14848
14849
14851
14852
14853
14854
14855
14858
14859
14860
14861
14862
14866
14867
14868
14870
14872
14874
14875
14878
14879
14880
14882
14883
14884
14889
14890
14891
14893
14894
14897
14901
14902
14905
14907
14909
14910
14911
14914
14915
14916
14917
14919
14921
14922
14924
14925
14927
14929
14930
14934
14935
14938
14939
14940
14941
14944
14946
14947
14948
14953
14955
14958
14959
14960
14963
14966
14967
14970
14971
14972
14974
14975
14978
14979
14980
14981
14984
14986
14990
14993
14999
15000
15002
15003
15005
15006
15007
15009
15013
15015
15017
15018
15019
15022
15023
15024
15025
15026
15028
15029
15031
15033
15034
15035
15036
15037
15039
15040
15042
15043
15046
15048
15050
15056
15057
15058
15059
15061
15067
15068
15069
15071
15072
15073
15074
15075
15076
15077
15078
15079
15081
15082
15083
15089
15090
15091
15092
15093
15094
15095
15099
15100
15102
15104
15105
15106
15107
15110
15112
15113
15115
15118
15120
15121
15122
15124
15125
15127
15128
15132
15133
15134
15135
15138
15139
15141
15143
15144
15146
15147
15148
15149
15150
15151
15152
15154
15155
15157
15158
15159
15161
15162
15164
15165
15167
15168
15169
15171
15172
15174
15175
15176
15178
15179
15180
15182
15183
15185
15186
15187
15188
15192
15193
15195
15196
15197
15199
15201
15203
15205
15206
15208
15209
15210
15212
15213
15214
15216
15217
15218
15220
15223
15224
15231
15235
15237
15238
15239
15247
15248
15250
15252
15254
15260
15261
15282
15283
15284
15286
15288
15289
15316
15317
15318
15319
15320
15321
15322
15323
15324
15325
15326
15328
15332
15334
15335
15336
15337
15339
15340
15341
15342
15343
15344
15347
15350
15354
15356
15359
15363
15364
15366
15367
15368
15373
15374
15376
15383
15385
15387
15389
15394
15395
15396
15397
15398
15399
15406
15407
15408
15409
15410
15411
15412
15414
15415
15417
15418
15419
15420
15421
15424
15438
15439
15442
15444
15445
15446
15448
15450
15451
15452
15453
15455
15456
15463
15468
15469
15470
15471
15472
15473
15475
15476
15478
15480
15481
15483
15484
15485
15486
15487
15499
15500
15501
15525
15537
15538
15539
15541
15542
15544
15552
15553
15562
15563
15564
15566
15567
15568
15570
15571
15573
15574
15576
15577
15579
15580
15581
15589
15590
15593
15594
15595
15602
15604
15605
15611
15613
15614
15615
15616
15617
15618
15625
15626
15633
15635
15636
15639
15640
15641
15642
15645
15646
15647
15649
15651
15653
15654
15658
15662
15664
15665
15666
15671
15674
15675
15676
15677
15679
15680
15681
15682
15683
15684
15685
15689
15692
15694
15695
15696
15699
15700
15701
15702
15703
15713
15715
15719
15720
15721
15722
15723
15724
15725
15727
15728
15729
15730
15731
15733
15735
15738
15785
15798
15799
15805
15807
15808
15809
15810
15811
15815
15816
15834
15845
15846
15848
15859
15864
15865
15868
15869
15870
15881
15882
15899
15900
15901
15918
15921
15922
15923
15924
15926
15927
15928
15929
15935
15936
15937
15938
15940
15941
15958
15959
15964
15966
15983
15984
15986
15987
15988
15989
15990
15991
15992
15993
15995
15997
15998
15999
16000
16001
16005
16006
16008
16009
16011
16012
16013
16033
16035
16041
16042
16043
16044
16045
16046
16048
16049
16052
16053
16055
16057
16078
16079
16080
16085
16087
16088
16093
16108
16111
16112
16113
16114
16115
16116
16117
16119
16121
16122
16123
16125
16126
16127
16128
16132
16134
16141
16151
16161
16162
16164
16165
16166
16167
16169
16170
16173
16176
16177
16178
16183
16185
16186
16189
16190
16193
16196
16197
16198
16199
16200
16215
16217
16219
16220
16223
16224
16226
16227
16228
16233
16234
16237
16238
16239
16241
16242
16243
16244
16245
16247
16248
16251
16252
16254
16256
16257
16258
16259
16260
16261
16262
16263
16264
16265
16266
16269
16270
16277
16278
16279
16281
16282
16284
16285
16286
16288
16289
16291
16292
16293
16294
16296
16297
16299
16303
16304
16305
16307
16308
16309
16310
16311
16312
16313
16314
16315
16317
16318
16319
16327
16328
16329
16330
16331
16334
16336
16337
16338
16339
16341
16343
16344
16348
16349
16350
16351
16358
16359
16360
16361
16362
16363
16365
16366
16371
16374
16375
16376
16380
16381
16382
16383
16385
16388
16390
16391
16392
16393
16399
16401
16402
16403
16404
16405
16406
16407
16408
16409
16410
16411
16412
16415
16416
16420
16421
16435
16436
16437
16438
16439
16440
16441
16445
16446
16449
16450
16451
16453
16455
16457
16458
16477
16478
16479
16480
16481
16482
16483
16485
16486
16491
16493
16494
16496
16497
16499
16502
16508
16521
16522
16523
16524
16525
16526
16527
16528
16529
16531
16532
16533
16534
16535
16536
16540
16541
16542
16547
16548
16549
16550
16551
16552
16558
16559
16560
16562
16563
16564
16565
16575
16576
16578
16579
16580
16582
16583
16584
16585
16586
16587
16588
16592
16595
16596
16597
16599
16600
16601
16602
16603
16606
16612
16613
16614
16615
16617
16618
16619
16620
16624
16625
16631
16632
16633
16635
16636
16641
16646
16647
16648
16649
16651
16653
16654
16655
16661
16662
16663
16664
16666
16667
16668
16669
16670
16671
16672
16673
16679
16680
16681
16682
16683
16684
16685
16687
16688
16692
16695
16696
16697
16698
16699
16700
16701
16702
16706
16707
16708
16709
16710
16711
16715
16716
16717
16718
16719
16720
16723
16725
16726
16727
16730
16731
16733
16734
16736
16737
16740
16741
16742
16745
16746
16748
16749
16750
16794
16795
16796
16798
16799
16801
16802
16803
16804
16806
16807
16808
16810
16812
16814
16815
16819
16820
16821
16825
16826
16829
16830
16831
16832
16833
16834
16836
16838
16841
16842
16843
16844
16846
16847
16852
16855
16864
16865
16866
16867
16868
16869
16870
16874
16875
16881
16889
16890
16891
16895
16896
16897
16911
16912
16921
16922
16923
16926
16927
16928
16929
16931
16932
16933
16934
16936
16937
16938
16939
16942
16943
16944
16948
16949
16950
16951
16952
16953
16954
16955
16956
16957
16958
16959
16960
16961
16962
16969
16971
16972
16973
16988
16991
17004
17005
17006
17008
17009
17010
17015
17016
17017
17026
17027
17028
17029
17030
17031
17032
17033
17034
17035
17039
17040
17045
17046
17047
17050
17051
17058
17059
17060
17061
17062
17063
17064
17065
17066
17070
17071
17076
17077
17079
17080
17081
17084
17085
17086
17087
17088
17089
17090
17092
17093
17094
17095
17096
17099
17101
17102
17103
17104
17105
17106
17107
17109
17110
17111
17112
17113
17118
17119
17120
17122
17123
17126
17128
17133
17134
17135
17136
17137
17139
17140
17141
17142
17143
17144
17145
17146
17147
17148
17155
17156
17157
17158
17159
17160
17162
17165
17166
17167
17169
17170
17171
17172
17173
17174
17175
17176
17177
17178
17181
17183
17185
17186
17187
17200
17201
17202
17203
17204
17205
17207
17214
17215
17223
17224
17228
17229
17230
17231
17232
17233
17234
17239
17240
17243
17244
17246
17247
17248
17250
17251
17252
17253
17254
17255
17256
17257
17258
17259
17261
17263
17266
17269
17270
17271
17272
17273
17274
17275
17279
17280
17282
17283
17284
17285
17286
17287
17288
17289
17290
17291
17292
17293
17294
17296
17297
17298
17299
17301
17302
17303
17304
17306
17308
17313
17314
17315
17316
17317
17319
17320
17321
17322
17323
17324
17325
17326
17328
17329
17330
17331
17332
17334
17336
17338
17341
17342
17343
17349
17350
17351
17352
17353
17354
17355
17356
17357
17358
17359
17360
17361
17362
17364
17365
17367
17369
17370
17371
17374
17375
17376
17381
17382
17383
17384
17385
17386
17387
17389
17390
17391
17393
17394
17396
17397
17398
17399
17400
17401
17402
17404
17405
17406
17408
17410
17411
17413
17414
17415
17416
17417
17418
17422
17423
17425
17426
17427
17429
17431
17433
17435
17436
17437
17440
17441
17442
17443
17444
17445
17446
17454
17455
17456
17458
17460
17465
17466
17474
17495
17524
17583
17585
17587
17592
17593
17595
17598
17604
17605
17606
17608
17614
17617
17619
17620
17621
17624
17627
17635
17637
17638
17640
17641
17646
17648
17651
17652
17653
17669
17671
17672
17674
17676
17679
17697
17702
17705
17706
17707
17708
17710
17712
17716
17718
17720
17723
17724
17725
17731
17733
17734
17739
17740
17741
17745
17747
17749
17753
17764
17766
17775
17776
17777
17784
17785
17786
17788
17790
17792
17793
17799
17801
17802
17803
17804
17805
17843
17844
17845
17846
17849
17850
17876
17877
17878
17879
17889
17932
17933
17934
17935
17938
17939
17951
17954
17966
17967
17968
17974
18006
18014
18015
18045
18046
18049
18058
18088
18090
18095
18097
18101
18102
18109
18110
18118
18119
18125
18126
18137
18150
18157
18159
18160
18161
18162
18165
18166
18168
18169
18170
18172
18173
18174
18175
18177
18179
18180
18182
18184
18188
18189
18195
18196
18197
18201
18203
18205
18206
18208
18211
18214
18217
18218
18219
18223
18224
18225
18229
18233
18236
18240
18256
18260
18261
18262
18263
18264
18283
18290
18291
18292
18305
18306
18307
18308
18309
18310
18313
18315
18317
18324
18332
18333
18343
18344
18345
18346
18351
18353
18354
18355
18364
18365
18366
18367
18368
18369
18371
18372
18375
18378
18380
18381
18388
18389
18393
18394
18395
18396
18398
18399
18409
18410
18412
18413
18415
18416
18417
18420
18421
18422
18430
18432
18435
18442
18444
18448
18449
18457
18459
18460
18470
18472
18473
18479
18481
18482
18483
18484
18487
18488
18489
18492
18493
18494
18496
18497
18498
18499
18500
18504
18506
18508
18509
18510
18515
18516
18517
18519
18521
18523
18524
18526
18527
18528
18529
18531
18532
18533
18535
18541
18542
18543
18545
18563
18566
18568
18569
18570
18573
18574
18577
18579
18581
18586
18587
18588
18589
18606
18609
18610
18611
18616
18618
18627
18628
18629
18630
18632
18634
18635
18638
18640
18669
18670
18672
18673
18678
18681
18682
18688
18690
18692
18693
18695
18696
18697
18703
18705
18706
18710
18711
18712
18717
18718
18719
18723
18724
18731
18733
18739
18742
18743
18752
18758
18760
18761
18763
18767
18776
18777
18779
18780
18781
18782
18785
18809
18829
18831
18833
18839
18840
18841
18842
18845
18846
18847
18848
18849
18850
18852
18853
18855
18856
18857
18897
18898
18899
18902
18903
18905
18909
18919
18946
18964
18966
18975
18982
18986
18987
18989
19004
19005
19012
19021
19057
19060
19061
19063
19065
19089
19090
19091
19093
19094
19095
19096
19103
19107
19108
19109
19110
19113
19115
19116
19123
19126
19128
19129
19130
19131
19147
19159
19160
19161
19162
19164
19172
19173
19174
19176
19182
19199
19201
19202
19203
19206
19210
19211
19214
19215
19218
19220
19221
19222
19223
19224
19225
19228
19229
19235
19237
19238
19241
19242
19243
19245
19248
19252
19253
19255
19256
19259
19260
19262
19274
19275
19276
19278
19281
19282
19285
19286
19288
19289
19290
19295
19304
19306
19308
19309
19310
19311
19312
19315
19316
19319
19320
19321
19322
19323
19324
19325
19326
19327
19328
19329
19330
19331
19332
19334
19336
19338
19340
19341
19342
19343
19350
19362
19363
19364
19365
19366
19367
19368
19370
19371
19372
19373
19374
19378
19379
19380
19382
19395
19398
19399
19401
19407
19409
19410
19412
19416
19424
19425
19427
19428
19429
19430
19431
19432
19434
19436
19437
19438
19439
19440
19441
19442
19444
19447
19450
19453
19457
19462
19463
19465
19466
19478
19479
19527
19528
19529
19530
19533
19536
19538
19539
19540
19541
19542
19543
19544
19545
19560
19562
19564
19565
19568
19569
19570
19572
19577
19578
19579
19580
19582
19588
19590
19593
19596
19597
19598
19602
19603
19604
19605
19607
19609
19611
19615
19616
19617
19620
19621
19626
19627
19639
19642
19649
19650
19652
19658
19674
19677
19679
19681
19684
19685
19686
19687
19688
19690
19691
19694
19717
19718
19719
19720
19723
19724
19727
19728
19730
19766
19768
19769
19774
19779
19780
19781
19791
19792
19793
19794
19796
19832
19834
19839
19840
19841
19842
19844
19846
19848
19850
19858
19859
19860
19863
19886
19903
19907
19915
19917
19918
19919
19924
19926
19927
19928
19937
19939
19940
19941
19942
19943
19944
19945
19946
19947
19949
19951
19952
19953
19955
19956
19962
19963
19965
19966
19968
19975
19977
19978
19979
19980
19982
19983
19984
19989
19991
19992
19995
19996
19999
20000
20003
20006
20009
20011
20012
20016
20018
20020
20022
20023
20024
20026
20028
20030
20033
20035
20036
20038
20042
20043
20045
20048
20051
20052
20053
20055
20061
20062
20064
20065
20068
20070
20071
20075
20076
20077
20078
20080
20085
20087
20090
20093
20095
20096
20098
20102
20109
20113
20120
20121
20122
20124
20125
20129
20132
20139
20140
20141
20142
20143
20144
20145
20146
20148
20150
20153
20156
20158
20159
20160
20162
20167
20168
20169
20170
20171
20172
20176
20177
20178
20180
20183
20185
20187
20188
20190
20192
20198
20200
20201
20203
20204
20207
20211
20220
20224
20226
20227
20228
20229
20231
20234
20236
20237
20239
20240
20242
20243
20246
20254
20256
20258
20263
20268
20270
20272
20273
20275
20276
20278
20284
20285
20286
20293
20295
20298
20300
20307
20311
20313
20316
20319
20320
20322
20323
20324
20325
20329
20331
20332
20335
20337
20340
20341
20342
20345
20351
20353
20359
20362
20364
20366
20374
20375
20376
20378
20379
20380
20381
20382
20385
20391
20393
20394
20397
20399
20400
20403
20404
20405
20407
20408
20409
20411
20417
20418
20420
20421
20422
20424
20425
20429
20430
20431
20441
20442
20443
20444
20474
20488
20498
20499
20501
20511
20513
20515
20516
20517
20518
20519
20520
20522
20543
20544
20545
20547
20554
20559
20564
20567
20576
20578
20579
20587
20588
20602
20612
20614
20615
20616
20618
20625
20638
20640
20645
20647
20648
20649
20653
20656
20658
20661
20662
20664
20666
20667
20669
20671
20672
20674
20678
20680
20685
20688
20690
20692
20694
20697
20699
20700
20702
20704
20705
20706
20707
20709
20710
20711
20712
20713
20717
20720
20721
20722
20724
20725
20726
20727
20728
20730
20731
20732
20733
20734
20735
20736
20737
20742
20745
20747
20749
20750
20752
20754
20755
20756
20758
20761
20762
20763
20766
20769
20770
20771
20772
20773
20774
20775
20776
20777
20778
20779
20784
20785
20787
20790
20791
20792
20793
20794
20795
20796
20798
20799
20801
20804
20819
20820
20824
20828
20831
20832
20834
20836
20841
20847
20856
20861
20864
20871
20873
20892
20893
20894
20896
20916
20917
20918
20919
20921
20924
20926
20931
20936
20938
20940
20941
20944
20946
20950
20952
20953
20955
20956
20959
20962
20972
20974
20976
20978
20981
20984
20986
20989
20990
20991
20992
20996
21000
21005
21007
21011
21012
21017
21018
21037
21038
21083
21084
21085
21087
21089
21090
21099
21104
21106
21107
21114
21116
21117
21121
21125
21133
21136
21140
21141
21146
21158
21181
21182
21185
21187
21190
21192
21199
21200
21217
21218
21219
21220
21225
21227
21234
21236
21239
21240
21250
21255
21257
21261
21266
21289
21304
21324
21325
21326
21328
21355
21359
21360
21362
21369
21371
21373
21374
21376
21380
21381
21384
21385
21390
21391
21392
21393
21394
21395
21397
21399
21416
21433
21439
21442
21444
21447
21449
21452
21453
21454
21460
21465
21466
21477
21482
21483
21485
21491
21497
21498
21500
21504
21505
21506
21511
21512
21522
21526
21527
21531
21533
21534
21535
21536
21538
21539
21540
21542
21543
21548
21550
21552
21554
21555
21556
21558
21559
21570
21572
21573
21575
21577
21579
21580
21581
21582
21584
21587
21590
21591
21593
21594
21595
21597
21598
21600
21602
21607
21608
21609
21610
21611
21613
21615
21616
21618
21626
21628
21636
21638
21641
21643
21644
21646
21650
21651
21653
21654
21655
21670
21695
21700
21704
21705
21706
21708
21709
21710
21711
21715
21717
21718
21720
21724
21725
21728
21729
21730
21731
21732
21735
21748
21791
21843
2439
2441
2447
2460
2465
2466
2467
2469
2470
2471
2473
2480
2487
2488
2489
2490
2491
2492
2495
2498
2501
2504
2507
2517
2521
2522
2532
2540
2564
2599
2601
2602
2606
2607
2608
2609
2610
2612
2617
2620
2624
2631
2633
2637
2638
2642
2643
2644
2648
2657
2660
2661
2670
2689
2690
2691
2692
2698
2700
2712
2717
2727
2728
2735
2748
2750
2754
2757
2766
2770
2843
2845
2881
2890
2891
2892
2919
2926
2927
2937
2939
2942
2946
2950
2951
2956
2965
2978
2982
2985
2988
2989
2990
3004
3009
3010
3011
3013
3020
3021
3022
3044
3049
3057
3061
3067
3070
3071
3072
3073
3074
3075
3076
3077
3079
3080
3086
3106
3107
3116
3130
3131
3133
3139
3147
3148
3149
3158
3165
3170
3173
3177
3180
3181
3184
3187
3197
3204
3215
3216
3217
3219
3220
3221
3223
3229
3230
3233
3241
3242
3243
3245
3246
3250
3259
3260
3262
3263
3270
3273
3275
3284
3285
3287
3297
3302
3303
3304
3310
3311
3315
3318
3326
3328
3330
3331
3333
3334
3337
3338
3339
3340
3341
3343
3346
3347
3348
3353
3354
3355
3356
3372
3374
3379
3393
3394
3398
3406
3419
3420
3426
3428
3429
3441
3455
3457
3458
3460
3464
3466
3478
3482
3483
3484
3486
3491
3496
3503
3512
3517
3519
3521
3524
3525
3526
3527
3528
3529
3539
3540
3541
3542
3551
3552
3568
3570
3571
3572
3573
3574
3578
3581
3582
3584
3585
3588
3595
3597
3603
3605
3607
3609
3610
3614
3618
3620
3628
3634
3648
3654
3655
3656
3658
3664
3680
3681
3682
3716
3724
3728
3730
3731
3732
3756
3779
3780
3788
3794
3815
3824
3836
3841
3842
3855
3863
3872
3875
3883
3888
3900
3901
3905
3911
3913
3918
3925
3930
3931
3933
3937
3938
3942
3953
3955
3956
3958
3963
3965
3969
3970
3973
3977
3978
3979
3985
3986
3987
3988
3990
3991
3996
4001
4005
4006
4007
4008
4009
4014
4021
4022
4023
4024
4025
4028
4030
4031
4035
4038
4040
4041
4045
4046
4049
4052
4053
4054
4055
4056
4057
4058
4059
4062
4063
4064
4065
4068
4069
4070
4071
4072
4073
4085
4086
4087
4088
4089
4094
4097
4098
4099
4100
4101
4102
4103
4104
4106
4107
4108
4109
4110
4114
4115
4116
4118
4119
4120
4121
4124
4127
4136
4137
4138
4158
4165
4191
4195
4197
4199
4251
4252
4263
4264
4265
4271
4277
4286
4287
4288
4299
4304
4319
4321
4325
4332
4334
4352
4353
4379
4383
4384
4385
4394
4396
4406
4407
4418
4431
4432
4433
4434
4435
4438
4440
4456
4460
4484
4490
4492
4498
4499
4500
4501
4502
4505
4507
4510
4511
4515
4516
4523
4537
4539
4549
4551
4553
4554
4558
4584
4586
4592
4593
4595
4605
4640
4669
4676
4677
4700
4736
4741
4743
4773
4795
4798
4800
4820
4824
4828
4831
4832
4841
4845
4864
4866
4886
4896
4897
4909
4911
4917
4927
4928
4941
4952
4953
4981
4995
4999
5002
5011
5012
5017
5026
5052
5087
5088
5090
5104
5119
5120
5128
5132
5134
5142
5159
5160
5161
5162
5164
5177
5184
5187
5197
5199
5200
5208
5215
5217
5218
5219
5235
5236
5243
5248
5251
5253
5258
5263
5265
5271
5275
5276
5277
5280
5282
5283
5346
5347
5348
5349
5352
5355
5357
5361
5369
5370
5371
5372
5373
5374
5375
5379
5383
5393
5394
5397
5399
5403
5405
5407
5410
5413
5414
5416
5419
5425
5427
5430
5431
5433
5436
5438
5439
5440
5441
5443
5444
5445
5450
5456
5457
5459
5460
5461
5462
5463
5465
5468
5480
5481
5482
5483
5484
5485
5486
5487
5488
5489
5492
5493
5494
5495
5496
5497
5499
5501
5504
5505
5510
5511
5515
5516
5519
5520
5525
5526
5527
5528
5530
5531
5532
5533
5534
5535
5536
5537
5538
5539
5542
5543
5544
5545
5547
5553
5554
5555
5556
5560
5562
5563
5564
5565
5576
5579
5594
5595
5596
5599
5600
5606
5610
5611
5612
5614
5620
5625
5635
5636
5652
5655
5659
5661
5667
5668
5673
5674
5676
5677
5679
5681
5684
5685
5690
5691
5693
5697
5698
5699
5700
5701
5710
5715
5717
5718
5723
5726
5727
5728
5729
5731
5735
5742
5747
5750
5751
5752
5756
5757
5758
5763
5765
5771
5775
5776
5779
5780
5781
5789
5790
5792
5793
5794
5797
5804
5806
5815
5817
5818
5848
5850
5851
5863
5865
5878
5880
5890
5891
5893
5894
5895
5896
5905
5907
5909
5921
5922
5945
5946
5954
5969
5971
5972
5973
5986
5987
5988
5990
5991
5996
5997
6011
6024
6025
6030
6032
6038
6051
6052
6053
6064
6065
6076
6093
6105
6110
6118
6119
6120
6125
6128
6129
6136
6137
6141
6143
6144
6145
6148
6150
6158
6159
6160
6161
6162
6165
6167
6168
6169
6171
6172
6176
6181
6182
6183
6188
6189
6191
6199
6200
6201
6202
6203
6204
6205
6206
6209
6213
6214
6219
6220
6221
6222
6223
6224
6225
6227
6228
6229
6230
6231
6232
6233
6234
6235
6236
6237
6238
6239
6240
6241
6243
6244
6245
6246
6247
6248
6249
6250
6251
6252
6256
6259
6260
6261
6262
6263
6277
6279
6280
6282
6285
6286
6287
6296
6297
6298
6299
6301
6302
6304
6305
6306
6307
6309
6311
6312
6316
6317
6318
6319
6320
6321
6322
6323
6324
6329
6331
6332
6336
6337
6339
6340
6341
6342
6350
6351
6352
6353
6354
6355
6356
6357
6358
6359
6364
6367
6372
6374
6375
6376
6377
6379
6380
6382
6390
6393
6395
6396
6406
6408
6416
6417
6418
6420
6423
6436
6437
6447
6448
6451
6455
6459
6468
6472
6474
6481
6486
6494
6495
6520
6522
6526
6527
6528
6529
6530
6532
6533
6535
6545
6557
6569
6575
6583
6589
6618
6621
6622
6623
6624
6626
6627
6634
6639
6652
6654
6655
6656
6665
6676
6683
6685
6690
6691
6692
6693
6694
6695
6696
6697
6698
6699
6700
6702
6703
6710
6712
6731
6733
6744
6747
6748
6749
6752
6753
6757
6758
6760
6762
6788
6807
6814
6816
6817
6818
6821
6831
6838
6840
6848
6849
6850
6851
6852
6853
6854
6855
6856
6857
6859
6861
6864
6865
6875
6885
6886
6887
6889
6891
6892
6897
6902
6903
6904
6907
6908
6909
6910
6911
6912
6913
6914
6915
6918
6923
6927
6932
6934
6937
6938
6939
6941
6945
6946
6947
6948
6950
6951
6953
6954
6958
6960
6961
6964
6965
6967
6968
6969
6970
6971
6977
6981
6986
6991
6992
6993
6994
6995
6996
6997
6998
7002
7006
7007
7008
7009
7010
7011
7013
7014
7016
7018
7019
7023
7025
7026
7028
7030
7032
7034
7035
7041
7043
7045
7046
7047
7048
7049
7050
7051
7052
7053
7054
7055
7056
7057
7058
7060
7061
7062
7063
7064
7066
7067
7070
7072
7075
7076
7077
7078
7080
7081
7082
7084
7085
7087
7090
7093
7094
7098
7099
7101
7103
7112
7115
7116
7118
7119
7120
7122
7128
7131
7132
7134
7135
7136
7137
7139
7140
7141
7142
7143
7144
7145
7148
7152
7153
7154
7157
7160
7165
7166
7167
7169
7170
7172
7174
7175
7176
7177
7178
7180
7186
7188
7225
7226
7232
7233
7238
7251
7254
7255
7256
7257
7258
7260
7262
7263
7265
7266
7268
7270
7273
7274
7279
7293
7296
7297
7298
7299
7300
7302
7303
7319
7323
7329
7330
7331
7332
7333
7335
7346
7347
7357
7358
7362
7364
7365
7366
7367
7368
7369
7373
7375
7377
7378
7380
7383
7387
7388
7389
7390
7391
7395
7405
7408
7412
7416
7417
7419
7420
7422
7424
7430
7431
7432
7434
7435
7442
7443
7445
7449
7457
7463
7464
7466
7476
7481
7482
7483
7487
7489
7490
7496
7499
7503
7506
7510
7514
7522
7525
7529
7530
7531
7543
7554
7556
7580
7581
7584
7585
7592
7594
7598
7612
7615
7616
7619
7640
7641
7643
7665
7668
7669
7679
7680
7682
7686
7689
7691
7692
7693
7694
7695
7699
7701
7702
7703
7704
7705
7706
7710
7715
7717
7723
7727
7728
7730
7736
7737
7740
7745
7746
7748
7749
7750
7751
7754
7755
7758
7759
7761
7763
7764
7765
7767
7768
7769
7771
7773
7774
7776
7777
7778
7779
7781
7785
7786
7787
7789
7790
7791
7794
7798
7799
7801
7803
7805
7806
7809
7810
7812
7816
7817
7818
7820
7822
7823
7824
7825
7826
7827
7828
7829
7830
7831
7832
7833
7834
7835
7836
7837
7838
7839
7840
7841
7842
7843
7844
7845
7846
7847
7848
7849
7850
7851
7852
7853
7855
7856
7860
7861
7864
7865
7867
7868
7869
7870
7871
7872
7873
7877
7878
7880
7881
7883
7884
7886
7887
7891
7892
7893
7896
7897
7898
7899
7900
7901
7902
7903
7904
7906
7912
7913
7921
7922
7923
7925
7926
7935
7938
7940
7941
7942
7944
7947
7949
7951
7956
7957
7958
7959
7961
7964
7971
7979
7984
7998
8000
8001
8003
8004
8009
8012
8014
8015
8016
8018
8019
8020
8021
8023
8024
8029
8030
8032
8034
8035
8036
8038
8040
8042
8043
8044
8045
8046
8047
8056
8067
8068
8070
8095
8111
8115
8117
8118
8122
8124
8125
8126
8127
8128
8129
8147
8152
8157
8158
8160
8166
8170
8187
8190
8194
8195
8196
8197
8204
8205
8206
8207
8210
8247
8249
8251
8252
8256
8261
8265
8266
8268
8271
8272
8273
8276
8279
8281
8282
8287
8288
8297
8298
8299
8327
8328
8333
8338
8339
8341
8342
8343
8345
8349
8350
8351
8356
8366
8368
8376
8378
8380
8381
8382
8393
8400
8423
8424
8426
8427
8433
8438
8441
8443
8449
8453
8454
8467
8468
8479
8480
8492
8493
8497
8509
8517
8519
8521
8522
8523
8524
8533
8537
8543
8547
8551
8552
8553
8554
8555
8556
8559
8560
8561
8562
8563
8564
8565
8569
8570
8575
8581
8584
8585
8589
8590
8591
8596
8598
8600
8613
8614
8616
8617
8620
8625
8627
8629
8630
8633
8635
8636
8637
8638
8640
8641
8642
8644
8648
8649
8660
8661
8664
8665
8666
8669
8670
8671
8672
8674
8675
8676
8677
8678
8681
8682
8683
8687
8688
8690
8696
8697
8698
8699
8704
8706
8710
8711
8713
8714
8716
8717
8719
8720
8721
8727
8729
8730
8731
8737
8740
8741
8742
8743
8744
8745
8746
8747
8748
8750
8752
8756
8759
8765
8766
8768
8769
8770
8772
8773
8774
8776
8778
8779
8781
8782
8783
8785
8789
8790
8791
8792
8793
8794
8796
8800
8804
8819
8820
8821
8822
8823
8824
8826
8828
8830
8832
8836
8837
8838
8839
8840
8842
8846
8848
8849
8852
8856
8857
8858
8861
8871
8872
8873
8874
8876
8880
8891
8893
8895
8896
8900
8903
8905
8906
8919
8936
8938
8939
8940
8942
8943
8944
8945
8946
8947
8949
8950
8951
8952
8956
8958
8959
8960
8962
8963
8964
8965
8966
8967
8968
8969
8970
8971
8972
8973
8974
8975
8976
8979
8980
8981
8986
8987
8988
8990
8991
8992
8993
8995
9002
9016
9024
9025
9026
9027
9028
9030
9036
9037
9051
9052
9063
9064
9065
9068
9069
9070
9071
9072
9073
9075
9076
9080
9082
9083
9085
9086
9088
9089
9090
9091
9097
9100
9101
9102
9103
9104
9106
9116
9140
9156
9160
9162
9163
9167
9182
9183
9186
9187
9202
9203
9204
9205
9206
9208
9209
9210
9233
9245
9246
9247
9258
9259
9261
9267
9279
9280
9281
9287
9288
9289
9293
9294
9299
9326
9328
9329
9331
9346
9347
9348
9350
9353
9357
9359
9362
9366
9381
9382
9383
9384
9385
9386
9387
9388
9389
9390
9391
9392
9393
9394
9395
9396
9400
9401
9402
9403
9406
9407
9408
9409
9412
9416
9418
9419
9424
9425
9426
9427
9428
9431
9433
9434
9446
9451
9452
9453
9455
9458
9459
9462
9463
9466
9468
9469
9470
9471
9473
9474
9475
9476
9477
9478
9481
9484
9487
9488
9489
9490
9491
9493
9496
9497
9498
9499
9501
9502
9504
9505
9507
9508
9509
9511
9512
9515
9521
9522
9523
9524
9526
9527
9528
9529
9530
9531
9533
9536
9537
9539
9540
9541
9542
9543
9544
9547
9548
9549
9550
9552
9554
9555
9557
9559
9560
9563
9565
9566
9570
9571
9572
9573
9574
9575
9576
9577
9579
9583
9587
9589
9590
9591
9593
9594
9597
9598
9599
9600
9601
9602
9603
9605
9608
9609
9610
9611
9613
9614
9615
9616
9617
9618
9619
9620
9621
9622
9623
9624
9625
9626
9627
9628
9629
9630
9631
9632
9633
9637
9638
9640
9641
9642
9643
9646
9651
9656
9663
9664
9666
9667
9683
9684
9686
9687
9688
9692
9693
9694
9696
9699
9705
9706
9707
9709
9719
9723
9726
9729
9733
9734
9735
9738
9739
9763
9764
9766
9768
9769
9770
9780
9781
9783
9786
9797
9798
9799
9801
9804
9816
9818
9823
9824
9866
9894
9896
9897
9898
9900
9901
9906
9913
9917
9919
9920
9926
9928
9931
9933
9934
9935
9937
9938
9956
9957
9958
9962
9963
9968
9969
9970
9984
