0.7754137115839244
0.8114558472553699
0.7959183673469388
0.5510204081632653
0.7868020304568528
0.7619047619047619
0.0
0.28125
0.8173076923076923
0.8578313253012049
0.04166666666666663
0.004878048780487809
0.20975609756097557
0.01449275362318836
0.02409638554216864
0.02898550724637683
0.7912621359223301
0.8282828282828283
0.3382352941176471
0.8133971291866029
0.6328502415458936
0.18999999999999995
0.8151658767772512
0.8705882352941177
0.7913669064748201
0.6826923076923077
0.03217158176943702
0.0
0.0
0.0
0.9333333333333333
0.8162291169451074
0.8151658767772512
0.8252427184466019
0.855072463768116
0.457002457002457
0.27142857142857146
0.5493975903614459
0.9904761904761905
0.7566265060240964
0.3191489361702128
0.7980997624703088
0.7346938775510203
0.0
0.01941747572815533
0.6190476190476191
0.8483412322274881
0.8188235294117647
0.6557377049180328
0.9023255813953488
0.9555555555555556
0.01937046004842613
0.9002433090024331
0.33333333333333337
0.8857808857808858
0.6099290780141844
0.0
0.7565011820330969
0.7959183673469388
0.7810650887573964
0.34782608695652173
0.6602870813397129
0.7989949748743719
0.9738717339667459
0.8691588785046729
0.15217391304347827
0.31524547803617575
0.5129533678756477
0.9557109557109558
0.5
0.46226415094339623
0.0
0.7209302325581395
0.0
0.13084112149532712
0.8218527315914489
0.7070707070707071
0.8287037037037037
0.9900990099009901
0.8387096774193549
0.9455445544554455
0.14141414141414144
0.25263157894736843
0.40094339622641506
0.009411764705882342
0.018779342723004744
0.3231850117096019
0.0
0.30188679245283023
0.7761904761904762
0.18867924528301883
0.8605200945626478
0.7255813953488373
0.9975786924939467
0.5747663551401869
0.18181818181818177
0.19718309859154926
0.5626477541371158
0.7712082262210797
0.3157894736842105
0.101010101010101
0.7122641509433962
0.9023255813953488
0.7857142857142857
0.8282828282828283
0.06000000000000005
0.6868686868686869
0.8779342723004695
0.21999999999999997
0.8056872037914692
0.7602905569007263
0.8932038834951457
0.12
0.27634660421545665
0.252927400468384
0.05647058823529416
0.31553398058252424
0.04020100502512558
0.24378109452736318
0.18000000000000005
0.704225352112676
0.9414519906323185
0.8666666666666667
0.18556701030927836
0.3981264637002342
0.4444444444444444
0.8504672897196262
0.8585131894484412
0.39234449760765555
0.8367346938775511
0.8113207547169812
0.0
0.0
0.40476190476190477
0.7676767676767677
0.0
0.0046948356807511304
0.7834549878345498
0.813953488372093
0.8337236533957846
0.8511627906976744
0.8967136150234741
0.88
0.6799999999999999
0.9138755980861244
0.3194103194103194
0.0
0.9247311827956989
0.8365384615384616
0.27184466019417475
0.4193548387096774
0.17215189873417724
0.74
0.8658823529411764
0.8773584905660378
0.8888888888888888
0.16161616161616166
0.10757946210268954
0.0
0.7216981132075472
0.07092198581560283
0.8151658767772512
0.042654028436018954
0.28095238095238095
0.8433734939759037
0.8037825059101655
0.9550827423167849
0.004914004914004955
0.0
0.004784688995215336
0.02020202020202022
0.6220095693779905
0.736842105263158
0.6491646778042959
0.8380952380952381
0.0
0.009615384615384581
0.0
0.0
0.37799043062200954
0.009569377990430672
0.6619718309859155
0.0
0.9653465346534653
0.5900000000000001
0.30379746835443033
0.20618556701030932
0.10526315789473684
0.9953488372093023
0.8681055155875299
0.08080808080808077
0.2828282828282829
0.98989898989899
0.6060606060606061
0.42685851318944845
0.09685230024213076
0.5298329355608592
0.7990314769975787
0.061224489795918324
0.7942583732057417
0.020408163265306145
0.05660377358490565
0.851764705882353
0.8591885441527446
0.6170212765957447
0.8260869565217391
0.8979591836734694
0.49763033175355453
0.042959427207637235
0.8428571428571429
0.8367346938775511
0.54
0.9292929292929293
0.8705882352941177
0.33576642335766427
0.9101449275362319
0.17307692307692313
0.5747663551401869
0.8470588235294118
0.1889763779527559
0.6541176470588235
0.0
0.7828162291169452
0.14423076923076927
0.8105263157894737
0.3728813559322034
0.8888888888888888
0.5865384615384616
0.861244019138756
0.8246445497630331
0.056872037914691975
0.00497512437810943
0.0
0.34802784222737815
0.09999999999999998
0.15925058548009363
0.8564814814814815
0.018561484918793503
0.0
0.9655172413793104
0.8232445520581113
0.0
0.04040404040404044
0.0
0.5364583333333333
0.029126213592232997
0.8536585365853658
0.8135593220338984
0.0
0.20408163265306123
0.8779342723004695
0.7676767676767677
0.02680965147453085
0.36734693877551017
0.08163265306122447
0.22613065326633164
0.0
0.2296650717703349
0.8285714285714285
0.101010101010101
0.6318289786223278
0.8066825775656324
0.0626506024096386
0.5431472081218274
0.7591623036649214
0.2566585956416465
0.9
0.3232323232323232
0.14141414141414144
0.2600472813238771
0.0
0.8349056603773585
0.41646489104116224
0.21999999999999997
0.9738717339667459
0.8282828282828283
0.7950617283950617
0.9387755102040817
0.8442211055276382
0.01538461538461533
0.7355163727959697
0.0757575757575758
0.015228426395939132
0.27621483375959077
0.19897959183673475
0.0
0.0
0.0
0.39336492890995256
0.41237113402061853
0.22058823529411764
0.5611510791366907
0.8365384615384616
0.5012165450121655
0.5843230403800475
0.13592233009708743
0.0
0.8605200945626478
0.0
0.12705882352941178
0.865979381443299
0.9330143540669856
0.02506265664160401
0.5054945054945055
0.48
0.837962962962963
0.9392523364485982
0.0
0.4
0.0
0.8056206088992974
0.08372093023255811
0.0
0.3410138248847926
0.0
0.6261682242990654
0.0
0.6589327146171693
0.6153846153846154
0.7410926365795725
0.09999999999999998
0.043010752688172005
0.8930232558139535
0.9292452830188679
0.9016786570743405
0.676056338028169
0.0
0.819672131147541
0.7894736842105263
0.06976744186046513
0.09813084112149528
0.7156398104265402
0.6964705882352942
0.6746411483253589
0.908235294117647
0.7524271844660194
0.8457943925233645
0.07228915662650603
0.23333333333333328
0.10401891252955087
0.033653846153846145
0.8796296296296297
0.1327014218009479
0.0
0.9466357308584686
0.8436018957345972
0.0
0.0
0.0
0.0
0.004716981132075526
0.03294117647058825
0.9444444444444444
0.8663594470046083
0.37825059101654845
0.0
0.0
0.0
0.7524271844660194
0.16666666666666663
0.0574162679425837
0.019138755980861233
0.815347721822542
0.12
0.8705882352941177
0.8606356968215159
0.7676767676767677
0.6464646464646464
0.46715328467153283
0.8
0.775
0.7002398081534772
0.8946135831381733
0.8928571428571429
0.8571428571428572
0.718676122931442
0.8708133971291866
0.92
0.8894117647058823
0.3253588516746412
0.786967418546366
0.7902439024390244
0.7630922693266833
0.0
0.04694835680751175
0.5
0.8163265306122449
0.14432989690721654
0.964200477326969
0.3840399002493765
0.7341176470588235
0.0
0.9021479713603818
0.4693877551020408
0.0
0.004878048780487809
0.9
0.48711943793911006
0.7216494845360825
0.3588516746411483
0.8564593301435407
0.0
0.7247058823529412
0.27895981087470445
0.0
0.0
0.04975124378109452
0.8759124087591241
0.8400954653937948
0.032863849765258246
0.28
0.20408163265306123
0.7163461538461539
0.92
0.7482352941176471
0.8865979381443299
0.04123711340206182
0.6285714285714286
0.7872860635696821
0.4
0.9164677804295943
0.9305555555555556
0.0
0.0
0.18004866180048662
0.8809523809523809
0.023866348448687402
0.49282296650717705
0.20618556701030932
0.8899297423887588
0.8578199052132701
0.8842105263157894
0.0
0.0
0.0
0.2602409638554217
0.9859154929577465
0.9523809523809523
0.9135802469135803
0.8987654320987655
0.9041769041769042
0.0
0.9299065420560748
0.03764705882352937
0.6363636363636364
0.8847058823529412
0.7142857142857143
0.8282352941176471
0.25761124121779855
0.7959183673469388
0.028037383177570097
0.9125295508274232
0.33333333333333337
0.861904761904762
0.8939393939393939
0.8125
0.0
0.8992974238875878
0.018823529411764683
0.0
0.0
0.0
0.0
0.019512195121951237
0.8762886597938144
0.0
0.0
0.19370460048426152
0.4674698795180723
0.061855670103092786
0.8393285371702638
0.7272727272727273
0.0
0.024271844660194164
0.0
0.8496420047732697
0.4444444444444444
0.9414519906323185
0.8942307692307693
0.8973747016706444
0.3278688524590164
0.9813084112149533
0.6588785046728972
0.9494949494949495
0.8899297423887588
0.8932038834951457
0.6094674556213018
0.8979591836734694
0.14250614250614246
0.9043062200956937
0.0
0.8390243902439024
0.004854368932038833
0.05626598465473143
0.9494949494949495
0.6614987080103358
0.8919667590027701
0.7969924812030076
0.8509615384615384
0.9012048192771085
0.08133971291866027
0.8948655256723717
0.13043478260869568
0.00987654320987652
0.004950495049504955
0.0
0.1777777777777778
0.7555555555555555
0.3836930455635491
0.10416666666666663
0.8746928746928747
0.9802955665024631
0.6666666666666667
0.8155339805825242
0.32367149758454106
0.4075829383886256
0.8536585365853658
0.9555555555555556
0.88
0.0
0.7696078431372549
0.8585131894484412
0.9095238095238095
0.0
0.7896103896103897
0.8714285714285714
0.8490566037735849
0.9690721649484536
0.8097560975609757
0.8398058252427184
0.709832134292566
0.62
0.0
0.0
0.8655256723716381
0.9
0.4343675417661098
0.8963855421686747
0.8439024390243902
0.5454545454545454
0.0
0.6697892271662764
0.0
0.6038647342995169
0.6244131455399061
0.7346938775510203
0.0
0.0
0.6494117647058824
0.6413301662707839
0.2222222222222222
0.0
0.8909952606635071
0.0
0.9620853080568721
0.8646080760095012
0.019704433497536922
0.6
0.019138755980861233
0.0
0.9099756690997567
0.9485981308411215
0.9765258215962441
0.5071090047393365
0.7743467933491687
0.07352941176470584
0.7760416666666666
0.8865979381443299
0.9425837320574163
0.9267139479905437
0.0
0.900497512437811
0.5281173594132029
0.6386946386946387
0.9387755102040817
0.6776470588235295
0.9090909090909091
0.9576059850374065
0.9292929292929293
0.7070707070707071
0.2796208530805687
0.64
0.0
0.9004739336492891
0.03855421686746985
0.0
0.92
0.8058252427184466
0.03349282296650713
0.8019323671497585
0.6262626262626263
0.11528822055137844
0.6262626262626263
0.7676767676767677
0.9292929292929293
0.9619047619047619
0.6288416075650118
0.028368794326241176
0.4095238095238095
0.2621359223300971
0.0
0.025000000000000022
0.0
0.3110047846889952
0.0
0.9387755102040817
0.8423529411764705
0.6829268292682926
0.7695961995249406
0.14
0.8684863523573201
0.6060606060606061
0.9285714285714286
0.0
0.6555023923444976
0.74
0.5094339622641509
0.1050119331742243
0.1995249406175772
0.8599033816425121
0.4242424242424242
0.9064748201438849
0.0
0.10705596107055959
0.0
0.44897959183673475
0.0478723404255319
0.005221932114882533
0.12244897959183676
0.30612244897959184
0.5252525252525253
0.2828282828282829
0.98989898989899
0.0
0.004819277108433773
0.7529976019184652
0.5454545454545454
1.0
0.16000000000000003
0.0
0.0
0.014925373134328401
0.5873417721518988
0.01975308641975304
0.8861386138613861
0.20408163265306123
0.9182692307692307
0.12106537530266348
0.02409638554216864
0.054862842892768104
0.8693467336683417
0.7875894988066826
0.8158508158508159
0.16190476190476188
0.004739336492891044
0.004716981132075526
0.028503562945368155
0.0
0.8163265306122449
0.0
0.028436018957345932
0.839622641509434
0.15130023640661938
0.9458823529411765
0.9144254278728606
0.821256038647343
0.14492753623188404
0.0
0.6234413965087282
0.9754901960784313
0.019607843137254943
0.18181818181818177
0.303030303030303
0.9439252336448598
0.0
0.0
0.985981308411215
0.9129411764705883
0.30612244897959184
0.9292929292929293
0.0
0.3476190476190476
0.6799999999999999
0.0
0.5952380952380952
0.040000000000000036
0.035264483627204024
0.07637231503579955
0.004796163069544335
0.9439252336448598
0.9205607476635514
0.990521327014218
0.0
0.7676767676767677
0.042154566744730726
0.009389671361502372
0.8282828282828283
0.9198113207547169
0.9722222222222222
0.8293838862559242
0.101010101010101
0.06812652068126523
0.0
0.6868686868686869
0.0
0.0
0.0
0.943127962085308
0.032710280373831724
0.0
0.0
0.9072164948453608
0.6440677966101696
0.9029126213592233
0.52
0.0
0.16587677725118488
0.0332541567695962
0.02375296912114011
0.7494033412887828
0.020000000000000018
0.07710843373493981
0.0378250591016549
0.9267139479905437
0.7737226277372262
0.631578947368421
0.02020202020202022
0.9146919431279621
0.7220902612826603
0.6761904761904762
0.0
0.9463869463869464
0.16470588235294115
0.7757009345794392
0.004750593824228044
0.3884057971014493
0.74
0.9072164948453608
0.2238095238095238
0.08037825059101655
0.9738717339667459
0.3507109004739336
0.4421052631578948
0.0
0.0
0.019230769230769273
0.0
0.47754137115839246
0.9463414634146341
0.8009259259259259
0.09852216748768472
0.9345794392523364
0.54
0.9150943396226415
0.8367346938775511
0.0
0.039312039312039304
0.1609756097560976
0.00936768149882905
0.8666666666666667
0.9976905311778291
0.08163265306122447
0.08163265306122447
0.06557377049180324
0.004683840749414525
0.0
0.16161616161616166
0.0
0.62
0.05633802816901412
0.028436018957345932
0.009389671361502372
0.0
0.019002375296912066
0.014218009478673022
0.6901408450704225
0.004773269689737458
0.009569377990430672
0.014117647058823568
0.37850467289719625
0.38
0.9439252336448598
0.0
0.9643705463182898
0.0
0.0
0.15130023640661938
0.0
0.8820754716981132
0.9314420803782506
0.004672897196261627
0.30000000000000004
0.07637231503579955
0.0
0.16000000000000003
0.8852459016393442
0.0
0.004728132387706863
0.06000000000000005
0.9138755980861244
0.7475728155339806
0.36723163841807904
0.0
0.02863961813842486
0.0
0.023980815347721784
0.0
0.0
0.0332541567695962
0.004761904761904745
0.0
0.02421307506053272
0.040000000000000036
0.014218009478673022
0.1609756097560976
0.08212560386473433
0.03874092009685226
0.014084507042253502
0.0
0.0
0.9550827423167849
0.9620853080568721
0.9
0.9125295508274232
0.8495145631067962
0.8807785888077859
0.8756218905472637
0.8691358024691358
0.85
0.16957605985037405
0.08633093525179858
0.1826923076923077
0.020000000000000018
0.679245283018868
0.8946135831381733
0.09859154929577463
0.9696969696969697
0.9090909090909091
0.9355608591885441
0.0
0.014423076923076872
0.8356807511737089
0.9389671361502347
0.0
0.9577464788732395
0.8038740920096852
0.9330143540669856
0.28640776699029125
0.748792270531401
0.9569377990430622
0.4841075794621027
0.0
0.0
0.6682692307692308
0.8584905660377359
0.6060606060606061
0.9658536585365853
0.9326683291770573
0.9414634146341463
0.9633251833740831
0.9560975609756097
0.96
0.9611650485436893
0.9116945107398569
0.875
0.009708737864077666
0.3529411764705882
0.6262626262626263
0.8741092636579573
0.9594272076372315
0.19999999999999996
0.8980582524271845
0.8333333333333334
0.2857142857142857
0.17102137767220904
0.04784688995215314
0.08421052631578951
0.6009615384615384
0.0
0.946078431372549
0.941747572815534
0.09952606635071093
0.4821002386634845
0.00959232613908878
0.4337349397590361
0.36363636363636365
0.812807881773399
0.9420289855072463
0.5678391959798995
0.01005025125628145
0.9698492462311558
0.9379652605459057
0.9086538461538461
0.44897959183673475
0.8732394366197183
0.9135802469135803
0.8365384615384616
0.875
0.9362745098039216
0.0
0.16058394160583944
0.975609756097561
0.2885085574572127
0.23614457831325297
0.8441247002398081
0.40816326530612246
0.004819277108433773
0.1124694376528117
0.9976019184652278
0.004819277108433773
0.004819277108433773
0.0
0.9112709832134293
0.0
0.09999999999999998
0.0
0.0
0.005076142131979711
0.009779951100244544
0.004914004914004955
0.0
0.0
0.2925659472422062
0.0
0.0
0.547677261613692
0.0
0.6879606879606879
0.8472906403940886
0.9135802469135803
0.9950248756218906
0.9476439790575917
0.36009732360097324
0.8058252427184466
0.029197080291970767
0.9498806682577565
0.9121951219512195
0.8367346938775511
0.5154639175257731
0.038929440389294356
0.009828009828009798
0.848780487804878
0.0
0.98
0.005102040816326481
0.0
0.0
0.6557377049180328
0.038004750593824244
0.9408983451536643
0.9809523809523809
0.2222222222222222
0.1428571428571429
0.0
0.004889975550122272
0.07637231503579955
0.07655502392344493
0.0
0.0
0.0
0.0
0.6423357664233577
0.0
0.0049261083743842304
0.2617283950617284
0.4236453201970444
0.5242718446601942
0.7548076923076923
0.33576642335766427
0.9547738693467337
0.58679706601467
0.14948453608247425
0.4490861618798956
0.0
0.0
0.8105515587529977
0.0048661800486617945
0.9508196721311475
0.24154589371980673
0.9539951573849879
0.0
0.9714285714285714
0.106280193236715
0.0
0.00959232613908878
0.0
0.8132387706855793
0.15508021390374327
0.0
0.004854368932038833
0.0049261083743842304
0.8952380952380953
0.9766355140186916
0.9292929292929293
0.9314420803782506
0.04773269689737469
0.02020202020202022
0.9219512195121952
0.8704156479217604
0.014742014742014753
0.059259259259259234
0.7578947368421053
0.95260663507109
0.910411622276029
0.6009615384615384
0.9038461538461539
0.8478260869565217
0.9591836734693877
0.04081632653061229
0.0
0.845360824742268
0.8936170212765957
0.8238095238095238
0.704225352112676
0.9594272076372315
0.0
0.0
0.010178117048346036
0.772093023255814
0.39243498817966904
0.0
0.8497652582159625
0.02197802197802201
0.0
0.12244897959183676
0.513064133016627
0.7706855791962175
0.9478672985781991
0.303030303030303
0.062200956937799035
0.029055690072639195
0.018867924528301883
0.9485981308411215
0.8306264501160092
0.9809523809523809
0.06666666666666665
0.32258064516129037
0.8200000000000001
0.005025125628140725
0.010000000000000009
0.4368932038834952
0.9121951219512195
0.9219512195121952
0.295774647887324
0.8936170212765957
0.10928961748633881
0.00540540540540535
0.010752688172043001
0.44897959183673475
0.46153846153846156
0.00497512437810943
0.18439716312056742
0.0444444444444444
0.0
0.9016786570743405
0.7740384615384616
0.72
0.9658536585365853
0.9090909090909091
0.5510204081632653
0.34549878345498786
0.0
0.004819277108433773
0.5625
0.3087885985748219
0.021505376344086002
0.983451536643026
0.8785046728971962
0.9125295508274232
0.851063829787234
0.9198113207547169
0.8351648351648352
0.8106796116504854
0.0
0.04166666666666663
0.04081632653061229
0.1747572815533981
0.7835051546391752
0.53
0.9615384615384616
0.8442211055276382
0.9547738693467337
0.19095477386934678
0.9716981132075472
0.8775510204081632
0.851764705882353
0.2222222222222222
0.3952380952380953
0.9361702127659575
0.5788235294117647
0.0
0.004739336492891044
0.020618556701030966
0.8110599078341014
0.909952606635071
0.0
0.9690721649484536
0.0
0.8207547169811321
0.0
0.04166666666666663
0.0
0.95260663507109
0.8483412322274881
0.0
0.009661835748792313
0.0
0.23866348448687347
0.6584158415841583
0.0
0.7630922693266833
0.0
0.09290953545232272
0.014634146341463428
0.5037037037037038
0.40897755610972564
0.00497512437810943
0.9095477386934674
0.0
0.22622107969151672
0.0051679586563307955
0.9718670076726342
0.9895833333333334
0.41805225653206646
0.9043062200956937
0.6170212765957447
0.023696682464455
0.6836027713625866
0.9090909090909091
0.9691211401425178
0.9406175771971497
0.8775510204081632
0.00990099009900991
0.0
0.014598540145985384
0.004901960784313708
0.01927710843373498
0.0
0.7044917257683215
0.0
0.7105882352941176
0.009638554216867434
1.0
0.8686868686868687
0.10120481927710845
0.10551558752997603
0.00959232613908878
0.004761904761904745
0.0
0.16161616161616166
0.014778325123152691
0.0
0.0
0.12244897959183676
0.4326923076923077
0.009661835748792313
0.00959232613908878
0.05853658536585371
0.9542168674698795
0.004773269689737458
0.9594272076372315
0.02020202020202022
0.8484848484848485
0.9317073170731707
0.014778325123152691
0.11274509803921573
0.1188118811881188
0.06000000000000005
0.0324825986078886
0.0
0.8726415094339622
0.7487684729064039
0.009302325581395321
0.0046511627906976605
0.0
0.004705882352941226
0.919431279620853
0.0
0.9090909090909091
0.0050890585241730735
0.009661835748792313
0.9624413145539906
0.9669811320754716
0.9603729603729604
0.8979591836734694
0.9299065420560748
0.0
0.0
0.004705882352941226
0.009456264775413725
0.014388489208633115
0.02020202020202022
0.0
0.9929078014184397
0.6480186480186481
0.009324009324009341
1.0
0.0
0.009638554216867434
0.06341463414634141
0.004889975550122272
0.0
0.9112709832134293
0.8066037735849056
0.014285714285714235
0.0
0.5141509433962264
0.8516746411483254
0.07109004739336489
0.34134615384615385
0.5102040816326531
0.0
0.04854368932038833
0.004819277108433773
0.009708737864077666
0.0
0.9579439252336449
0.8337236533957846
0.005319148936170248
0.021390374331550777
0.0
0.08247422680412375
0.3496503496503497
0.2742316784869976
0.9463414634146341
0.006006006006005982
0.004819277108433773
0.004796163069544335
0.5656565656565656
0.04040404040404044
0.0
0.8811188811188811
0.8888888888888888
0.6885245901639344
0.8484848484848485
0.04040404040404044
0.014319809069212375
0.578088578088578
0.22695035460992907
0.031088082901554404
0.898876404494382
0.7412587412587412
0.04040404040404044
0.004716981132075526
0.9441860465116279
0.36363636363636365
0.4009324009324009
0.0
0.027027027027026973
0.6950354609929078
0.9052631578947369
0.698019801980198
0.005235602094240788
0.0
0.00520833333333337
0.0
0.9033816425120773
0.24242424242424243
0.8726415094339622
0.9742388758782201
0.7291666666666667
0.9183673469387755
0.7639902676399026
0.7906976744186046
0.9392523364485982
0.03809523809523807
0.8037383177570093
0.86
0.0
0.0
0.0
0.5308056872037914
0.20525059665871126
0.9052631578947369
0.8341232227488151
0.9788235294117648
0.23557692307692313
0.8094117647058824
0.23295454545454541
0.02985074626865669
0.0
0.04123711340206182
0.8251748251748252
0.8571428571428572
0.5108433734939759
0.009708737864077666
0.10204081632653061
0.6588235294117647
0.8578199052132701
0.965034965034965
0.9032258064516129
0.00990099009900991
0.004987531172069848
0.004914004914004955
0.024390243902439046
0.06060606060606055
0.009546539379474916
0.03301886792452835
0.004728132387706863
0.0
0.018867924528301883
0.8075117370892019
0.8995215311004785
0.06593406593406592
0.0
0.0
0.0
0.0
0.9720930232558139
0.7089201877934272
0.5102040816326531
0.023474178403755874
0.009389671361502372
0.52
0.3317757009345794
0.023809523809523836
0.22448979591836737
0.964200477326969
0.10204081632653061
0.0
0.0
0.0
0.94
0.96
0.9953271028037384
0.31529411764705884
0.9245283018867925
0.7010309278350515
0.9411764705882353
0.9686746987951808
0.9881235154394299
0.010204081632653073
0.03544303797468351
0.0
0.22911694510739855
0.0
0.0
0.730679156908665
0.9648711943793911
0.022662889518413554
0.0
0.12652068126520677
0.0
0.7166276346604216
0.9256594724220624
0.028368794326241176
0.2720763723150358
0.0
0.0051679586563307955
0.0
0.0
0.03818615751789978
0.4418052256532067
0.0
0.0
0.020000000000000018
0.9711538461538461
0.004842615012106588
0.05769230769230771
0.019464720194647178
0.0
0.038929440389294356
0.6109785202863962
0.9488372093023256
0.022471910112359605
0.02083333333333337
0.4897959183673469
0.0
0.011730205278592365
0.009708737864077666
0.34063260340632606
0.9326923076923077
0.5979381443298969
0.28865979381443296
0.08121827411167515
0.7857142857142857
0.0
0.0
0.004830917874396157
0.0048661800486617945
0.9323671497584541
0.009803921568627416
0.0
0.7551020408163265
0.0
0.0
0.0
0.0
0.0
0.0
0.9929411764705882
0.7934272300469484
0.6729411764705882
0.0
0.0
0.4809523809523809
0.052256532066508266
0.0
0.010152284263959421
0.9294403892944039
0.9478672985781991
0.18095238095238098
0.020000000000000018
0.919431279620853
0.004773269689737458
0.0
0.0
0.8605200945626478
0.7139364303178484
0.04469273743016755
0.6966824644549763
0.8463356973995272
0.6588785046728972
0.009411764705882342
1.0
0.0
0.005025125628140725
0.2870813397129187
0.8686868686868687
0.0
0.10280373831775702
0.9014084507042254
0.02352941176470591
0.037735849056603765
0.9624413145539906
0.8775510204081632
0.8990384615384616
0.5729166666666667
0.25531914893617025
0.9263157894736842
0.7070707070707071
0.0
0.044009779951100225
0.014354066985645897
0.0
0.0
0.09592326139088725
0.028301886792452824
0.0
0.014150943396226467
0.004784688995215336
0.02375296912114011
0.03349282296650713
0.5493975903614459
0.9090909090909091
0.03069053708439895
0.0
0.0
0.0
0.2680412371134021
0.004739336492891044
0.13809523809523805
0.35128805620608894
0.39583333333333337
0.48920863309352514
0.0
0.03157894736842104
0.0
0.9501187648456058
0.7980769230769231
0.9548693586698337
0.94
0.0
0.0
0.03883495145631066
0.06295399515738498
0.0
0.004796163069544335
0.0
0.0
0.0
0.6325581395348837
0.040000000000000036
0.0715990453460621
0.014778325123152691
0.009478672985781977
0.08421052631578951
0.01033591731266148
0.0
0.0
0.004739336492891044
0.06666666666666665
0.966824644549763
0.8530805687203792
0.09523809523809523
0.8792270531400966
0.0
0.75177304964539
0.009478672985781977
0.26730310262529833
0.8501228501228502
0.910411622276029
0.08080808080808077
0.9535452322738386
0.01488833746898266
0.059259259259259234
0.004938271604938316
0.028169014084507005
0.15000000000000002
0.009456264775413725
0.9577464788732395
0.8710462287104623
0.12244897959183676
0.5288461538461539
0.03883495145631066
0.933649289099526
0.6601941747572815
0.004796163069544335
0.0717703349282297
0.13493975903614452
0.07565011820330969
0.21327014218009477
0.004773269689737458
0.0
0.9386792452830188
0.96
0.025252525252525304
0.0
0.00496277915632759
0.7871287128712872
0.6869158878504673
0.004672897196261627
0.0
0.11737089201877937
0.6935866983372921
0.004842615012106588
0.6682577565632458
0.6666666666666667
0.0053050397877983935
0.12826603325415675
0.0
0.0
0.7350835322195703
0.053012048192771055
0.04358353510895885
0.0
0.0
0.0
0.014423076923076872
0.43026004728132383
0.9666666666666667
0.020618556701030966
0.9976470588235294
0.9107981220657277
0.18000000000000005
0.75
0.0
0.0
0.0
0.004807692307692291
0.08510638297872342
0.728538283062645
0.04020100502512558
0.3391521197007481
0.0
0.0
0.06417112299465244
0.0
0.08173076923076927
0.015625
0.031331592689295085
0.30612244897959184
0.09501187648456055
0.0
0.004773269689737458
0.08232445520581111
0.0
0.011080332409972304
0.0
0.014354066985645897
0.0
0.7777777777777778
0.07594936708860756
0.11933174224343679
0.1310679611650486
0.0
0.0
0.8920863309352518
0.0
0.7373737373737373
0.010025062656641603
0.09523809523809523
0.020618556701030966
0.31026252983293556
0.0
0.0
0.02083333333333337
0.0
0.0
0.7157894736842105
0.2272727272727273
0.14583333333333337
0.8102564102564103
0.0
0.01033591731266148
0.9686746987951808
0.7789473684210526
0.551219512195122
0.7843137254901961
0.004901960784313708
0.06451612903225812
0.02197802197802201
0.0
0.0
0.9444444444444444
0.17204301075268813
0.02099737532808399
0.960212201591512
0.0
0.9680589680589681
0.9014778325123153
0.15189873417721522
0.9646464646464646
0.5869565217391304
0.11111111111111116
0.9828009828009828
0.9504950495049505
0.9245742092457421
0.8421052631578947
0.021052631578947323
0.01033591731266148
0.02570694087403602
0.0
0.04166666666666663
0.03626943005181349
0.945054945054945
0.0674157303370787
0.05797101449275366
0.02941176470588236
0.3555555555555555
0.0
0.028169014084507005
0.06951871657754005
0.06770833333333337
0.016438356164383605
0.04416403785488954
0.01273885350318471
0.8579545454545454
0.838150289017341
0.3711340206185567
0.03389830508474578
0.0
0.5714285714285714
0.020618556701030966
0.34090909090909094
0.9786223277909739
0.0
0.0
0.004914004914004955
0.0
0.0
0.0
0.0
0.0048661800486617945
0.009779951100244544
0.028915662650602414
0.019607843137254943
0.0
0.009756097560975618
0.0
0.0
0.004830917874396157
0.0
0.639225181598063
0.00995024875621886
0.00497512437810943
0.9428571428571428
0.0
0.0
0.0
0.9603729603729604
0.9425837320574163
0.9252336448598131
0.014563106796116498
0.0
0.0
0.0049261083743842304
0.009615384615384581
0.014354066985645897
0.8144578313253013
0.0
0.0
0.8333333333333334
0.29186602870813394
0.0
0.0
0.6310679611650485
0.8142857142857143
0.3434343434343434
0.8200000000000001
0.22506393861892582
0.029126213592232997
0.004819277108433773
0.05647058823529416
0.06205250596658707
0.8113207547169812
0.004773269689737458
0.11214953271028039
0.966183574879227
0.9765258215962441
0.9186602870813397
0.07228915662650603
0.0
0.0
0.9695550351288056
0.004807692307692291
0.9571428571428572
0.0
0.22691292875989444
0.0
0.7252747252747253
0.0
0.004854368932038833
0.01449275362318836
0.009433962264150941
0.0
0.05714285714285716
0.10328638497652587
0.0
0.0
0.9579439252336449
0.0
0.0
0.9669811320754716
0.0
0.0
0.009615384615384581
0.9326923076923077
0.7578947368421053
0.08333333333333337
0.0
0.0
0.98989898989899
0.8484848484848485
0.9419953596287703
0.3120204603580563
0.3869346733668342
0.5910165484633569
0.9086651053864169
0.7897196261682243
0.18556701030927836
0.14814814814814814
0.0
0.6113744075829384
0.04081632653061229
0.9615384615384616
0.9219858156028369
0.014598540145985384
0.01927710843373498
0.0
0.8805620608899297
0.0
0.7587822014051522
0.15827338129496404
0.9671361502347418
0.9601873536299765
0.9463869463869464
0.9896907216494846
0.00496277915632759
0.0
0.0048661800486617945
0.2828282828282829
0.0
0.0
0.0
0.0
0.0
0.0
0.0
0.0
0.0
0.004750593824228044
0.020618556701030966
0.5219512195121951
0.0
0.0
0.0
0.24
0.0
0.014563106796116498
0.33018867924528306
0.0
0.020618556701030966
0.9738717339667459
0.985781990521327
0.3798076923076923
0.0
0.004830917874396157
0.15458937198067635
0.004842615012106588
0.061224489795918324
0.020618556701030966
0.0
0.0
0.0
0.02020202020202022
0.004914004914004955
0.0
0.0
0.244131455399061
0.2331002331002331
0.6541176470588235
0.0
0.02020202020202022
0.0
0.019323671497584516
0.0
0.14893617021276595
0.0
0.0
0.14141414141414144
0.679245283018868
0.0
0.4056603773584906
0.5924170616113744
0.86
0.9182692307692307
0.042959427207637235
0.020253164556962022
0.0
0.0
0.02898550724637683
0.9882903981264637
0.9665071770334929
0.04040404040404044
0.0
0.05405405405405406
0.004938271604938316
0.0
0.044009779951100225
0.0
0.0
0.014184397163120588
0.9483568075117371
0.9976689976689976
0.4040404040404041
0.0
0.0
0.9278846153846154
0.0
0.0
0.04081632653061229
0.20618556701030932
0.0
0.010152284263959421
0.004773269689737458
0.0
0.3120567375886525
0.9809523809523809
0.9496402877697842
0.9256594724220624
0.05940594059405946
0.14432989690721654
0.8333333333333334
0.12365591397849462
0.07567567567567568
0.016000000000000014
0.0
0.9807692307692307
0.0
0.8701923076923077
0.0
0.0
0.058252427184465994
0.009456264775413725
0.0
0.8571428571428572
0.9386792452830188
0.0049261083743842304
0.6698113207547169
0.0
0.9339853300733496
0.004901960784313708
0.9388753056234719
0.19148936170212771
0.6650485436893203
0.9451073985680191
0.8983451536643026
0.16346153846153844
0.0531400966183575
0.004950495049504955
0.0
0.0
0.64
0.9832935560859188
0.0
0.02985074626865669
0.9645390070921985
0.0
0.9669811320754716
0.020000000000000018
0.7799043062200957
0.0
0.0
0.014634146341463428
0.7648456057007126
0.9692671394799054
0.927400468384075
0.024038461538461564
0.04347826086956519
0.5858585858585859
0.0
0.448780487804878
0.014742014742014753
0.37530864197530867
0.11260053619302945
0.0
0.00496277915632759
0.14423076923076927
0.0
0.5531914893617021
0.7070707070707071
0.9615384615384616
0.0
0.9546539379474941
0.9785202863961814
0.13186813186813184
0.0
0.0
0.0
0.009803921568627416
0.08801955990220045
0.004878048780487809
0.0049261083743842304
0.10679611650485432
0.0
0.0
0.0
0.09004739336492895
0.15311004784688997
0.08450704225352113
0.0
0.9835294117647059
0.0
0.9710144927536232
0.0050890585241730735
0.005102040816326481
0.3696682464454977
0.11848341232227488
0.9241706161137441
0.8009367681498829
0.8865979381443299
0.00496277915632759
0.0
0.004842615012106588
0.8979591836734694
0.8790123456790123
0.0
0.0
0.0
0.0
0.0
0.2857142857142857
0.0
0.6697892271662764
0.37037037037037035
0.0
0.0
0.0
0.0
0.014563106796116498
0.038004750593824244
0.004784688995215336
0.03755868544600938
0.0
0.018779342723004744
0.0
0.04040404040404044
0.014319809069212375
0.745920745920746
0.9976689976689976
0.988399071925754
0.9696969696969697
0.1031518624641834
0.0
0.0
0.7878787878787878
0.5342789598108747
0.1050119331742243
0.0
0.0
0.13365155131264916
0.0
0.47754137115839246
0.15201900237529686
0.912621359223301
0.0
0.4046511627906977
0.0187353629976581
0.14141414141414144
0.8329411764705883
0.5641025641025641
0.7105882352941176
0.0
0.004750593824228044
0.2884160756501182
0.2828282828282829
0.0
0.9523809523809523
0.9376558603491272
0.0
0.00992555831265507
0.0
0.0
0.0
0.010781671159029615
0.0
0.9828850855745721
0.0
0.0
0.0
0.8557692307692308
0.9685230024213075
0.0
0.6104218362282878
0.79
0.0
0.0
0.0
0.0
0.9591836734693877
0.0
0.0
0.91725768321513
0.9043062200956937
0.9592326139088729
0.7414634146341463
0.9778869778869779
0.9425837320574163
0.9666666666666667
0.005390835579514808
0.10741687979539638
0.0
0.8537170263788969
0.6265060240963856
0.0
0.9801980198019802
0.10204081632653061
0.03406326034063256
0.0
0.043596730245231585
0.049046321525885506
0.024630541871921152
0.1159420289855072
0.004889975550122272
0.0
0.0
0.014669926650366705
0.0
0.18004866180048662
0.6
0.0
0.0
0.04255319148936165
0.482051282051282
0.9674185463659148
0.86
0.9356435643564356
0.855072463768116
0.0
0.8289156626506025
0.7172774869109948
0.09870129870129873
0.016260162601625994
0.18181818181818177
0.04255319148936165
0.0050890585241730735
0.0
0.8564356435643564
0.0
0.0
0.4087591240875912
0.004807692307692291
0.01449275362318836
0.04358353510895885
0.0
0.0
0.0
0.9116945107398569
0.0
0.0
0.0
0.0
0.17798594847775173
0.6962616822429907
0.0
0.0
0.0
0.9138755980861244
0.0
0.9433962264150944
0.9387755102040817
0.34256926952141054
0.0
0.0
0.010309278350515427
0.015665796344647487
0.0
0.9397590361445783
0.9304556354916067
0.9245283018867925
0.00462962962962965
0.004761904761904745
0.98
0.4444444444444444
0.0
0.0
0.0
0.6599999999999999
0.0
0.009732360097323589
0.0
0.10377358490566035
0.0
0.0
0.0
0.9027777777777778
0.9267139479905437
0.5887850467289719
0.0
0.0
0.910377358490566
0.0
0.0
0.12705882352941178
0.9370629370629371
0.9170731707317074
0.0938967136150235
0.9277389277389277
0.9245283018867925
0.0
0.9494949494949495
0.9423076923076923
0.004739336492891044
0.0
0.047281323877068515
0.9333333333333333
0.0
0.106280193236715
0.9317647058823529
0.04773269689737469
0.0
0.0
0.607843137254902
0.01869158878504673
0.005050505050505083
0.02015113350125941
0.0
0.9361702127659575
0.9304556354916067
0.0
0.009732360097323589
0.4056603773584906
0.9521531100478469
0.01072386058981234
0.9456264775413712
0.9249394673123487
0.9458823529411765
0.07529411764705884
0.0
0.625
0.9320388349514563
0.9260143198090692
0.005390835579514808
0.009828009828009798
0.9310344827586207
0.9368932038834952
0.9385749385749386
0.9090909090909091
0.16582914572864327
0.0
0.0
0.0055096418732781816
0.010928961748633892
0.9152542372881356
0.0
0.780952380952381
0.9314420803782506
0.8862559241706162
0.9712918660287081
0.0
0.0
0.0
0.030927835051546393
0.0
0.020408163265306145
0.36363636363636365
0.004796163069544335
0.9333333333333333
0.07537688442211055
0.0
0.0
0.02099737532808399
0.11170212765957444
0.0
0.0
0.7710280373831776
0.0
0.09302325581395354
0.0
0.9345794392523364
0.0139211136890951
0.0
0.7943262411347518
0.0
0.0
0.9392523364485982
0.0
0.019704433497536922
0.13432835820895528
0.020000000000000018
0.07999999999999996
0.52
0.08421052631578951
0.0
0.005076142131979711
0.0
0.0
0.0
0.0
0.0
0.0
0.9591836734693877
0.0
0.5286783042394014
0.24586288416075652
0.9323671497584541
0.912621359223301
0.0
0.0
0.9428571428571428
0.0
0.11483253588516751
0.8867469879518073
0.9382716049382716
0.0
0.4248210023866349
0.019093078758949833
0.8085106382978724
0.14622641509433965
0.1497584541062802
0.9146919431279621
0.8478260869565217
0.0
0.33573141486810554
0.38942307692307687
0.0
0.995260663507109
0.07084468664850141
0.5377358490566038
0.0
0.004728132387706863
0.0
0.5633802816901409
0.014925373134328401
0.0
0.005037783375314908
0.9423076923076923
0.42755344418052255
0.0
0.0
0.8932038834951457
0.0
0.8943488943488943
0.0
0.36363636363636365
0.05339805825242716
0.18357487922705318
0.19263456090651554
0.0
0.0
0.005076142131979711
0.009661835748792313
0.0
0.004889975550122272
0.2142857142857143
0.0
0.0
0.0
0.0
0.2987951807228916
0.101010101010101
0.2654028436018957
0.05727923627684961
0.44282238442822386
0.8983451536643026
0.0
0.09813084112149528
0.8624708624708625
0.009478672985781977
0.9383886255924171
0.6804123711340206
0.9953703703703703
0.0
0.9583333333333334
0.0
0.14657210401891252
0.983132530120482
0.9805825242718447
0.014778325123152691
0.004987531172069848
0.0
0.23333333333333328
0.019138755980861233
0.009638554216867434
0.45023696682464454
0.0
0.019093078758949833
0.9238329238329238
0.0
0.5594059405940595
0.010282776349614386
0.9953271028037384
0.4790697674418605
0.0
0.9364705882352942
0.9671361502347418
0.0
0.0714285714285714
0.964200477326969
0.9689737470167065
0.5618556701030928
0.08212560386473433
0.004889975550122272
0.8646080760095012
0.02444987775061125
0.0
0.9686746987951808
0.005681818181818232
0.0
0.967741935483871
0.0
0.2331002331002331
0.9953488372093023
0.02083333333333337
0.0
0.8282828282828283
0.0
0.0
0.004773269689737458
0.02409638554216864
0.019607843137254943
0.9211822660098522
0.0
0.0
0.0
0.9539951573849879
0.202020202020202
0.004830917874396157
0.6602870813397129
0.9406175771971497
0.05700712589073631
0.009546539379474916
0.004761904761904745
0.00959232613908878
0.6587677725118484
0.9330143540669856
0.31553398058252424
0.9569377990430622
0.004854368932038833
0.009661835748792313
0.96
0.616867469879518
0.019607843137254943
0.6198547215496368
0.9361702127659575
0.16326530612244894
0.0
0.912621359223301
0.9476190476190476
0.0
0.00496277915632759
0.0050000000000000044
0.943127962085308
0.9519230769230769
0.9789227166276346
0.014319809069212375
0.9311163895486936
0.0
0.0046948356807511304
0.004716981132075526
0.009456264775413725
0.0
0.7346938775510203
0.0
0.0
0.9317647058823529
0.0
0.1004784688995215
0.9787234042553191
0.0
0.0
0.06812652068126523
0.1607565011820331
0.9906976744186047
0.004784688995215336
0.92018779342723
0.9333333333333333
0.946236559139785
0.0
0.014598540145985384
0.0
0.028436018957345932
0.919431279620853
0.332541567695962
0.9263657957244655
0.8979591836734694
0.8564705882352941
0.9241706161137441
0.9813084112149533
0.025316455696202556
0.0
0.6080760095011877
0.9280397022332506
0.0
0.12868632707774796
0.9458128078817734
0.18592964824120606
0.7875894988066826
0.09433962264150941
0.8803827751196173
0.9436619718309859
0.9466019417475728
0.9896907216494846
0.9297820823244553
0.2560386473429952
0.1690821256038647
0.8585131894484412
0.7064439140811456
0.17703349282296654
0.8367346938775511
0.845360824742268
0.7312348668280872
0.47867298578199047
0.16707616707616713
0.0055096418732781816
0.005494505494505475
0.0
0.8943089430894309
0.0
0.10280373831775702
0.02020202020202022
0.9326923076923077
0.7481662591687042
0.0
0.0
0.0861244019138756
0.0
0.7535545023696683
0.014051522248243575
0.018823529411764683
0.919431279620853
0.7341176470588235
0.0
0.8210023866348448
0.0
0.912621359223301
0.0
0.0
0.01904761904761909
0.6799999999999999
0.11057692307692313
0.9397590361445783
0.9256594724220624
0.9448441247002398
0.8926014319809069
0.8926829268292683
0.00544959128065392
0.0
0.9379652605459057
0.4536585365853658
0.019002375296912066
0.6629834254143646
0.0
0.884160756501182
0.0
0.7213114754098361
0.0
0.7905882352941176
0.7822014051522248
0.3498817966903073
0.0
0.8686868686868687
0.8820754716981132
0.038277511961722466
0.0
0.0
0.02209944751381221
0.2154696132596685
0.0494505494505495
0.019230769230769273
0.033175355450236976
0.47030878859857483
0.0
0.0
0.0
0.07058823529411762
0.5295508274231678
0.912621359223301
0.708133971291866
0.6131386861313868
0.9388753056234719
0.9440389294403893
0.9264705882352942
0.0
0.5208333333333333
0.8571428571428572
0.10204081632653061
0.0
0.0
0.20460358056265981
0.7139364303178484
0.0
0.9227053140096618
0.8181818181818181
0.10551558752997603
0.2720763723150358
0.9178743961352657
0.3770883054892601
0.8221153846153846
0.0
0.6808510638297872
0.0
0.0
0.010126582278481067
0.9355608591885441
0.009638554216867434
0.9245283018867925
0.04784688995215314
0.014251781472684133
0.4491725768321513
0.9737470167064439
0.8564102564102565
0.8688946015424165
0.00520833333333337
0.8719211822660098
0.642156862745098
0.03341288782816232
0.014457831325301207
0.009615384615384581
0.9216152019002375
0.9326923076923077
0.7980997624703088
0.0
0.004796163069544335
0.9355608591885441
0.9030732860520094
0.46335697399527187
0.0
0.919047619047619
0.8095238095238095
0.028708133971291905
0.10926365795724469
0.8786407766990292
0.8484848484848485
0.9242053789731052
0.10784313725490191
0.009732360097323589
0.015544041450777257
0.8277634961439588
0.0
0.11616161616161613
0.02083333333333337
0.0
0.0
0.7835051546391752
0.0
0.9211822660098522
0.8085106382978724
0.7864077669902912
0.945273631840796
0.2682926829268293
0.7980535279805353
0.35
0.010025062656641603
0.10256410256410253
0.3033419023136247
0.20454545454545459
0.7224080267558528
0.6511627906976745
0.9069767441860466
0.9259259259259259
0.0
0.8805620608899297
0.0
0.8
0.0
0.004819277108433773
0.0
0.009638554216867434
0.9200968523002422
0.33255269320843095
0.0
0.0
0.0
0.0
0.0
0.0
0.9038461538461539
0.014705882352941124
0.004889975550122272
0.0
0.0
0.17085427135678388
0.0
0.0
0.9182692307692307
0.0
0.9791666666666666
0.0
0.0
0.0
0.0
0.009345794392523366
0.0
0.0
0.01488833746898266
0.0
0.0
0.0
0.9056603773584906
0.0
0.3125
0.9108910891089109
0.7555555555555555
0.825
0.0
0.0
0.0
0.0
0.0
0.0048661800486617945
0.0
0.9219858156028369
0.27634660421545665
0.7159904534606205
0.8774509803921569
0.5255474452554745
0.005050505050505083
0.0
0.004878048780487809
0.0
0.004761904761904745
0.160377358490566
0.43661971830985913
0.9278846153846154
0.4423529411764706
0.3476190476190476
0.9795918367346939
0.04081632653061229
0.326530612244898
0.0
0.9090909090909091
0.0
0.004750593824228044
0.585480093676815
0.0
0.0
0.004830917874396157
0.9263657957244655
0.0
0.9436619718309859
0.0
0.23587223587223582
0.19164619164619168
0.943127962085308
0.8909952606635071
0.009546539379474916
0.5862884160756501
0.9248826291079812
0.8483412322274881
0.7109004739336493
0.0
0.9458128078817734
0.5714285714285714
0.9473684210526316
0.10602409638554222
0.009615384615384581
0.0
0.865979381443299
0.9241706161137441
0.0
0.0
0.0
0.6650124069478909
0.0
0.2739018087855297
0.0
0.9215686274509804
0.9211822660098522
0.0
0.0
0.0
0.09592326139088725
0.9289099526066351
0.0046948356807511304
0.03294117647058825
0.21176470588235297
0.16666666666666663
0.9263657957244655
0.6618357487922706
0.0
0.34928229665071775
0.0
0.9289099526066351
0.9552941176470588
0.0
0.08173076923076927
0.9660194174757282
0.8633093525179856
0.11274509803921573
0.4278074866310161
0.005390835579514808
0.8985507246376812
0.6318289786223278
0.021276595744680882
0.9403341288782816
0.9380952380952381
0.014388489208633115
0.5971563981042654
0.06161137440758291
0.9339622641509434
0.9521531100478469
0.8028169014084507
0.5687203791469194
0.0
0.0
0.3526570048309179
0.16385542168674694
0.01449275362318836
0.91725768321513
0.0
0.4988009592326139
0.5428571428571429
0.0
0.0
0.9264705882352942
0.9295774647887324
0.7177033492822966
0.0
0.0
0.004739336492891044
0.0
0.0
0.9594272076372315
0.10526315789473684
0.2978723404255319
0.0
0.05037783375314864
0.13032581453634084
0.9397590361445783
0.0
0.038461538461538436
0.23076923076923073
0.04807692307692313
0.9784172661870504
0.9204819277108434
0.9484029484029484
0.6666666666666667
0.9473684210526316
0.0
0.0051679586563307955
0.0
0.9326923076923077
0.0
0.0
0.005141388174807249
0.0
0.009433962264150941
0.009685230024213065
0.08510638297872342
0.3443396226415094
0.8927680798004988
0.0
0.0
0.9696969696969697
0.7259953161592505
0.9832935560859188
0.2783018867924528
0.9292929292929293
0.03349282296650713
0.60431654676259
0.2168674698795181
0.9928400954653938
0.07637231503579955
0.0
0.004830917874396157
0.9400479616306955
0.9481132075471698
0.34825870646766166
0.8682926829268293
0.5283018867924528
0.0
0.9203084832904884
0.0
0.021276595744680882
0.9375
0.11347517730496459
0.0
0.9528301886792453
0.194647201946472
0.0
0.9064039408866995
0.9303482587064676
0.004773269689737458
0.02898550724637683
0.8094117647058824
0.9270588235294117
0.05164319248826288
0.9433962264150944
0.28865979381443296
0.91725768321513
0.9282296650717703
0.2688679245283019
0.14117647058823535
0.9245283018867925
0.9741176470588235
0.9151670951156812
0.9772727272727273
0.9408866995073891
0.914572864321608
0.8926829268292683
0.3025641025641026
0.01975308641975304
0.0
0.8922305764411027
0.36764705882352944
0.8982630272952854
0.9135802469135803
0.49871465295629824
0.0
0.005970149253731294
0.08510638297872342
0.15915119363395225
0.9112709832134293
0.8484848484848485
0.34285714285714286
0.014388489208633115
0.9330143540669856
0.03398058252427183
0.9468599033816425
0.0
0.0
0.07748184019370463
0.00959232613908878
0.009569377990430672
0.0
0.0
0.9320388349514563
0.9323671497584541
0.8982630272952854
0.9215686274509804
0.36272040302267006
0.021052631578947323
0.0
0.0
0.0
0.21749408983451535
0.0
0.004773269689737458
0.9411764705882353
0.9414634146341463
0.14319809069212408
0.9060240963855422
0.9301204819277108
0.13075060532687655
0.0
0.015873015873015928
0.9282296650717703
0.9542168674698795
0.7184466019417476
0.0
0.01558441558441559
0.9326923076923077
0.01449275362318836
0.10023866348448685
0.9355608591885441
0.0
0.941747572815534
0.0
0.0
0.0
0.0
0.0
0.9156626506024097
0.029268292682926855
0.5907990314769975
0.9166666666666666
0.9303482587064676
0.558904109589041
0.0
0.0
0.9090909090909091
0.0
0.0
0.4782608695652174
0.0
0.0
0.0
0.9301204819277108
0.9307875894988067
0.8097560975609757
0.0
0.0
0.0
0.0
0.914572864321608
0.8782816229116945
0.0
0.2722772277227723
0.30107526881720426
0.8975609756097561
0.07228915662650603
0.9156626506024097
0.7506053268765134
0.9135802469135803
0.02970297029702973
0.3031784841075794
0.004914004914004955
0.02970297029702973
0.9178743961352657
0.0
0.06190476190476191
0.0
0.00959232613908878
0.0
0.9533169533169533
0.7050359712230216
0.9290953545232274
0.9307875894988067
0.9230769230769231
0.9560975609756097
0.6076555023923444
0.0
0.6746411483253589
0.9183673469387755
0.3789473684210526
0.3901234567901235
0.009828009828009798
0.004901960784313708
0.0
0.26634382566585957
0.009732360097323589
0.014598540145985384
0.0
0.0
0.9443099273607748
0.009779951100244544
0.0
0.0
0.047244094488189003
0.0
0.9160671462829736
0.9212410501193318
0.0
0.9064039408866995
0.9138755980861244
0.1310679611650486
0.021276595744680882
0.06451612903225812
0.0
0.9379652605459057
0.0
0.9382716049382716
0.0
0.48309178743961356
0.2566585956416465
0.0
0.0
0.0
0.3076923076923077
0.01449275362318836
0.6859903381642511
0.9249394673123487
0.0
0.9636803874092009
0.06382978723404253
0.0
0.0
0.7378640776699029
0.0
0.004878048780487809
0.6370757180156659
0.0
0.0
0.9405940594059405
0.0049261083743842304
0.0
0.16425120772946855
0.5979381443298969
0.0
0.9095238095238095
0.9712918660287081
0.0
0.25098039215686274
0.0
0.24438902743142144
0.0
0.0
0.0
0.0
0.0
0.0
0.0
0.9313725490196079
0.5106382978723405
0.9443099273607748
0.9215686274509804
0.8708133971291866
0.0
0.0
0.0
0.0
0.0
0.0
0.019464720194647178
0.004878048780487809
0.004938271604938316
0.972972972972973
0.0
0.0
0.0
0.8210526315789474
0.9223300970873787
0.9271844660194175
0.0
0.0
0.0
0.910411622276029
0.946078431372549
0.9368932038834952
0.9330143540669856
0.6714628297362111
0.983132530120482
0.0
0.9880668257756563
0.9193154034229829
0.9609756097560975
0.32608695652173914
0.010752688172043001
0.0
0.0
0.0
0.0
0.9297820823244553
0.0
0.0
0.005115089514066473
0.0050890585241730735
0.9215686274509804
0.004830917874396157
0.6698564593301435
0.0
0.9230769230769231
0.014669926650366705
0.9307875894988067
0.0
0.0
0.0053050397877983935
0.8537170263788969
0.8585131894484412
0.0
0.926829268292683
0.9253012048192771
0.6330935251798562
0.9437652811735942
0.0
0.08831168831168834
0.3017031630170316
0.0
0.9245742092457421
0.8571428571428572
0.2092457420924574
0.9014778325123153
0.020618556701030966
0.00990099009900991
0.5735294117647058
0.9301204819277108
0.24938875305623476
0.8009708737864077
0.0
0.10268948655256727
0.9081081081081082
0.9155313351498637
0.9230769230769231
0.9156626506024097
0.9051094890510949
0.9174757281553398
0.9168765743073048
0.9156626506024097
0.9267139479905437
0.8805620608899297
0.052256532066508266
0.020408163265306145
0.0048661800486617945
0.0
0.9168646080760094
0.0
0.0
0.865979381443299
0.0
0.973621103117506
0.9501187648456058
0.0
0.004842615012106588
0.038929440389294356
0.0
0.014814814814814836
0.8454106280193237
0.04379562043795615
0.9304556354916067
0.8836104513064134
0.9498806682577565
0.5592417061611374
0.0
0.0
0.9380952380952381
0.9215686274509804
0.048661800486618056
0.11302211302211307
0.0
0.0
0.0
0.0
0.1151079136690647
0.7922705314009661
0.9285714285714286
0.9905660377358491
0.42260442260442266
0.9391727493917275
0.0
0.0
0.9148936170212766
0.9033816425120773
0.5083932853717026
0.0
0.0
0.0
0.5012048192771084
0.7961630695443644
0.0
0.9193154034229829
0.9164677804295943
0.0
0.0
0.8387096774193549
0.4824120603015075
0.0
0.0
0.07075471698113212
0.0
0.9150943396226415
0.6886792452830188
0.3905882352941177
0.004842615012106588
0.0
0.9068627450980392
0.0
0.0
0.0
0.933649289099526
0.0
0.6919431279620853
0.9927007299270073
0.9256594724220624
0.9349397590361446
0.8957345971563981
0.052757793764988015
0.5775656324582339
0.4893111638954869
0.08114558472553701
0.92018779342723
0.4666666666666667
0.09026128266033251
0.9330143540669856
0.0
0.12244897959183676
0.1201044386422977
0.056847545219638196
0.09326424870466321
0.5773195876288659
0.6477541371158393
0.04275534441805229
0.896551724137931
0.33333333333333337
0.12652068126520677
0.0
0.0
0.0
0.0
0.0
0.5416666666666667
0.861244019138756
0.8133971291866029
0.0
0.9212410501193318
0.9307875894988067
0.9411764705882353
0.6526315789473685
0.8393285371702638
0.0
0.9326923076923077
0.829736211031175
0.0
0.005181347150259086
0.0
0.9481132075471698
0.850356294536817
0.9168646080760094
0.9134615384615384
0.8894230769230769
0.26066350710900477
0.8867469879518073
0.0
0.3058823529411765
0.8235294117647058
0.8695652173913043
0.0
0.0
0.9148936170212766
0.9148936170212766
0.0
0.004761904761904745
0.0
0.47663551401869164
0.7040816326530612
0.91725768321513
0.8376470588235294
0.06521739130434778
0.9090909090909091
0.01937046004842613
0.014598540145985384
0.0
0.0
0.005319148936170248
0.004938271604938316
0.0
0.004878048780487809
0.07317073170731703
0.0
0.0871670702179177
0.9200968523002422
0.0
0.0
0.565947242206235
0.0613810741687979
0.0
0.14320987654320982
0.0
0.0
0.021505376344086002
0.91725768321513
0.8894117647058823
0.0
0.0
0.0
0.6394230769230769
0.9032258064516129
0.5422885572139303
0.3850267379679144
0.31720430107526887
0.1233243967828418
0.9371980676328502
0.12048192771084343
0.5283018867924528
0.11084337349397588
0.04210526315789476
0.2222222222222222
0.13493975903614452
0.2451923076923077
0.9395348837209302
0.18097447795823662
0.00952380952380949
0.01891252955082745
0.00952380952380949
0.9428571428571428
0.004819277108433773
0.018957345971563955
0.004750593824228044
0.0
0.009852216748768461
0.7848699763593381
0.00959232613908878
0.8936170212765957
0.937799043062201
0.9689737470167065
0.0
0.7488151658767772
0.2666666666666667
0.1943127962085308
0.042857142857142816
0.9615384615384616
0.0
0.9473684210526316
0.9468822170900693
0.4897959183673469
0.26262626262626265
0.5609756097560976
0.2932692307692307
0.9579439252336449
0.7880184331797235
0.0
0.8556962025316456
0.8861386138613861
0.8353808353808354
0.8045977011494253
0.8557919621749409
0.2781774580335732
0.14797136038186154
0.7780429594272076
0.8181818181818181
0.025316455696202556
0.0
0.0
0.8967136150234741
0.0
0.8936170212765957
0.7294117647058824
0.0
0.024752475247524774
0.0
0.0
0.8169014084507042
0.8967136150234741
0.8290398126463701
0.7887323943661972
0.0
0.0
0.014423076923076872
0.6352941176470588
0.004901960784313708
0.0
0.0
0.0
0.0
0.863961813842482
0.0
0.11848341232227488
0.8246445497630331
0.0
0.9129411764705883
0.0
0.7755102040816326
0.5138539042821159
0.4974874371859297
0.4545454545454546
0.07655502392344493
0.0
0.0
0.00959232613908878
0.11374407582938384
0.9383886255924171
0.7551020408163265
0.0626506024096386
0.0
0.0
0.861904761904762
0.0
0.8988235294117647
0.8982630272952854
0.07957559681697612
0.26455026455026454
0.055837563451776595
0.09743589743589742
0.8932038834951457
0.0
0.0
0.7216494845360825
0.676056338028169
0.0
0.0
0.0
0.004728132387706863
0.4832535885167464
0.0
0.0
0.8866995073891626
0.0
0.0
0.8349056603773585
0.0
0.0
0.8987654320987655
0.8274231678486997
0.9033942558746736
0.040100250626566414
0.030303030303030276
0.837772397094431
0.03855421686746985
0.004773269689737458
0.7028301886792453
0.08076009501187653
0.014117647058823568
0.6415094339622642
0.1985815602836879
0.9203980099502488
0.8668280871670702
0.851581508515815
0.9355608591885441
0.8181818181818181
0.8408551068883611
0.9137529137529138
0.5742574257425743
0.5784313725490196
0.02877697841726623
0.047281323877068515
0.37142857142857144
0.0
0.2835443037974683
0.0
0.0
0.9009433962264151
0.883054892601432
0.014218009478673022
0.8962264150943396
0.09134615384615385
0.0
0.0
0.0
0.0
0.0
0.0
0.8266033254156769
0.5507246376811594
0.9168765743073048
0.0
0.3176178660049628
0.0
0.0
0.8376470588235294
0.0
0.0
0.2666666666666667
0.05167958656330751
0.0
0.0
0.8293838862559242
0.0
0.07125890736342044
0.8741092636579573
0.8640776699029127
0.0
0.05392156862745101
0.0050890585241730735
0.0
0.005037783375314908
0.8592592592592593
0.8544152744630071
0.0
0.0
0.8483412322274881
0.0
0.0
0.11848341232227488
0.2646310432569975
0.19897959183673475
0.0
0.05200945626477538
0.0
0.8693586698337292
0.28639618138424816
0.0
0.8862559241706162
0.0
0.883054892601432
0.0
0.4801980198019802
0.0
0.0
0.316622691292876
0.0
0.0
0.0
0.0
0.8693586698337292
0.8266033254156769
0.0
0.95260663507109
0.10416666666666663
0.8839506172839506
0.0049261083743842304
0.0
0.004878048780487809
0.0
0.0
0.0
0.8047619047619048
0.0
0.8720379146919431
0.851063829787234
0.9715639810426541
0.9837587006960556
0.0050000000000000044
0.3712871287128713
0.0
0.014285714285714235
0.8018867924528301
0.014285714285714235
0.038277511961722466
0.8523809523809524
0.0
0.0
0.0
0.0
0.8747044917257684
0.014354066985645897
0.0
0.0
0.0
0.0
0.0
0.0
0.993006993006993
0.04235294117647059
0.9742388758782201
0.8726415094339622
0.0
0.16355140186915884
0.0
0.009456264775413725
0.0
0.0
0.9152542372881356
0.8564705882352941
0.0
0.0
0.7703016241299304
0.0
0.8755980861244019
0.038004750593824244
0.14893617021276595
0.8926014319809069
0.7338129496402878
0.0
0.38743455497382195
0.0
0.5059101654846336
0.3380281690140845
0.0
0.8685446009389671
0.829736211031175
0.0
0.0
0.8391608391608392
0.20608899297423888
0.35416666666666663
0.668235294117647
0.676056338028169
0.8767772511848342
0.7628865979381443
0.9622166246851386
0.0
0.004761904761904745
0.0
0.0
0.3877551020408163
0.5119617224880383
0.0
0.0
0.8544152744630071
0.5142857142857142
0.0
0.5352112676056338
0.0
0.0
0.8408551068883611
0.0
0.0
0.009546539379474916
0.6713947990543736
0.40476190476190477
0.8729016786570744
0.08490566037735847
0.949748743718593
0.544529262086514
0.375
0.004773269689737458
0.76
0.0
0.8722891566265061
0.0
0.0
0.8496420047732697
0.7669172932330828
0.4449760765550239
0.3113207547169812
0.0
0.8909952606635071
0.0
0.004761904761904745
0.44897959183673475
0.0
0.0051948051948051965
0.0
0.0
0.02857142857142858
0.05238095238095242
0.0
0.8426150121065376
0.0
0.0
0.35051546391752575
0.9323671497584541
0.8357487922705313
0.3877551020408163
0.0
0.0
0.0
0.0
0.0
0.0
0.0
0.94
0.0
0.5979381443298969
0.9481481481481482
0.0
0.05555555555555558
0.005434782608695676
0.005555555555555536
0.1601941747572816
0.0
0.0
0.23039215686274506
0.0
0.8846153846153846
0.0
0.0
0.15201900237529686
0.56
0.0
0.0
0.0
0.01041666666666663
0.0
0.18947368421052635
0.0
0.8557457212713937
0.0049261083743842304
0.024154589371980673
0.004739336492891044
0.004728132387706863
0.004739336492891044
0.8771084337349397
0.0
0.05783132530120483
0.0
0.0
0.004773269689737458
0.08153477218225424
0.8647342995169083
0.08436724565756826
0.004807692307692291
0.0
0.9125295508274232
0.01851851851851849
0.00462962962962965
0.004683840749414525
0.8847926267281105
0.00462962962962965
0.0
0.0
0.0
0.01904761904761909
0.004830917874396157
0.0
0.8117359413202934
0.8277511961722488
0.14553990610328638
0.8380952380952381
0.6258823529411764
0.0
0.27638190954773867
0.6145833333333333
0.0
0.0
0.0
0.0
0.0
0.5320665083135392
0.004761904761904745
0.0
0.0
0.9253012048192771
0.014285714285714235
0.9411764705882353
0.05432098765432103
0.0
0.0
0.0
0.36363636363636365
0.0
0.004784688995215336
0.8592233009708738
0.01995012468827928
0.9501187648456058
0.0
0.8672985781990521
0.8773584905660378
0.0
0.0
0.0
0.004819277108433773
0.004830917874396157
0.0
0.11004784688995217
0.935251798561151
0.9619047619047619
0.0
0.9370629370629371
0.004716981132075526
0.004773269689737458
0.05783132530120483
0.20408163265306123
0.7878787878787878
0.7371134020618557
0.0
0.00540540540540535
0.0056022408963585235
0.0
0.8454106280193237
0.9182692307692307
0.7669902912621359
0.7188264058679706
0.0491400491400491
0.0
0.0
0.8529411764705882
0.0
0.8433734939759037
0.019323671497584516
0.0
0.0
0.005102040816326481
0.8523002421307506
0.0
0.0
0.0
0.023419203747072626
0.0
0.9883449883449883
0.028708133971291905
0.8904761904761904
0.0
0.0
0.0
0.0
0.0
0.0
0.8019559902200489
0.863961813842482
0.0
0.014354066985645897
0.0894117647058823
0.0
0.8523002421307506
0.470873786407767
0.0
0.375
0.0
0.0
0.2597402597402597
0.0
0.3917525773195877
0.8932038834951457
0.0
0.004878048780487809
0.7373493975903614
0.004807692307692291
0.0
0.9928741092636579
0.0625
0.005319148936170248
0.0
0.0
0.004773269689737458
0.0
0.3087885985748219
0.0
0.004938271604938316
0.0
0.5819209039548023
0.02857142857142858
0.0
0.0
0.0
0.0
0.004842615012106588
0.0
0.5979381443298969
0.0
0.0
0.6423357664233577
0.0
0.12135922330097082
0.004773269689737458
0.004830917874396157
0.0
0.8926014319809069
0.0
0.0
0.12745098039215685
0.004878048780487809
0.8402948402948403
0.5902439024390245
0.0
0.821256038647343
0.5637254901960784
0.0
0.010000000000000009
0.0
0.0
0.0
0.014251781472684133
0.0
0.958139534883721
0.0
0.9837587006960556
0.0
0.0
0.0
0.8904761904761904
0.009708737864077666
0.01904761904761909
0.09134615384615385
0.9009433962264151
0.009478672985781977
0.061757719714964354
0.004796163069544335
0.004914004914004955
0.0
0.9386792452830188
0.036175710594315236
0.0
0.005063291139240533
0.005181347150259086
0.0
0.08737864077669899
0.8010204081632653
0.0
0.8423645320197044
0.0
0.6305418719211823
0.0
0.5586034912718205
0.01995012468827928
0.0
0.0
0.0
0.0
0.009779951100244544
0.0
0.0
0.0
0.07194244604316546
0.014285714285714235
0.9662337662337662
0.010752688172043001
0.010526315789473717
0.00527704485488123
0.0
0.0
0.8856447688564477
0.0
0.7911547911547911
0.0
0.0
0.0
0.8428571428571429
0.0
0.0
0.6321243523316062
0.1645244215938303
0.0
0.22004889975550124
0.7237163814180929
0.0
0.0049261083743842304
0.0048661800486617945
0.009828009828009798
0.004901960784313708
0.004914004914004955
0.019323671497584516
0.0
0.0
0.004889975550122272
0.004830917874396157
0.004878048780487809
0.7878787878787878
0.0
0.021621621621621623
0.009638554216867434
0.004819277108433773
0.01941747572815533
0.019656019656019708
0.0
0.0
0.0
0.0
0.0
0.17690417690417692
0.8496420047732697
0.0
0.0
0.9476190476190476
0.8963855421686747
0.0
0.0
0.10679611650485432
0.21307506053268765
0.019512195121951237
0.0
0.94
0.0
0.0
0.0
0.8985507246376812
0.7912621359223301
0.0
0.024390243902439046
0.0
0.8605769230769231
0.0
0.0
0.0
0.10230179028132991
0.0
0.029197080291970767
0.0
0.004750593824228044
0.1943127962085308
0.0
0.0
0.9694117647058823
0.009661835748792313
0.004784688995215336
0.038461538461538436
0.025000000000000022
0.009661835748792313
0.028708133971291905
0.0
0.0
0.0
0.0
0.8873239436619719
0.9117647058823529
0.8936170212765957
0.004739336492891044
0.0
0.9
0.01927710843373498
0.0
0.004819277108433773
0.9882352941176471
0.004950495049504955
0.13829787234042556
0.6031746031746033
0.0
0.0
0.0
0.7878787878787878
0.42959427207637235
0.0
0.029556650246305383
0.0
0.0
0.0
0.4401913875598086
0.20427553444180524
0.06829268292682922
0.8851674641148325
0.0
0.8633093525179856
0.020000000000000018
0.01918465227817745
0.0
0.7169811320754718
0.0
0.8905109489051095
0.6631016042780749
0.12398921832884102
0.937799043062201
0.0
0.5402843601895735
0.8456057007125891
0.18225419664268583
0.0
0.02877697841726623
0.9
0.8894230769230769
0.8771084337349397
0.799043062200957
0.004950495049504955
0.053268765133171914
0.0
0.0
0.4558823529411765
0.8606965174129353
0.0
0.0
0.17690417690417692
0.0
0.0
0.0
0.910411622276029
0.0
0.8349514563106796
0.01005025125628145
0.3298969072164949
0.8325358851674641
0.7655502392344498
0.8820754716981132
0.1151079136690647
0.023980815347721784
0.15384615384615385
0.9183673469387755
0.8080808080808081
0.8776978417266187
0.0
0.3113207547169812
0.004796163069544335
0.46335697399527187
0.04739336492891
0.39234449760765555
0.9009433962264151
0.5592417061611374
0.3877068557919622
0.6070588235294118
0.919431279620853
0.0
0.0
0.0
0.0
0.0
0.8282828282828283
0.8803827751196173
0.8809523809523809
0.0
0.014285714285714235
0.8423645320197044
0.7487684729064039
0.7475728155339806
0.19704433497536944
0.0
0.0
0.5102040816326531
0.8593350383631714
0.7450980392156863
0.0
0.0
0.8431372549019608
0.0
0.00987654320987652
0.009828009828009798
0.8537170263788969
0.0
0.0
0.9759615384615384
0.0
0.0
0.014319809069212375
0.7458432304038005
0.0
0.0
0.0
0.005154639175257714
0.04166666666666663
0.01980198019801982
0.0
0.9484029484029484
0.21836228287841186
0.9975786924939467
0.0
0.9183673469387755
0.9928400954653938
0.00992555831265507
0.8080808080808081
0.009732360097323589
0.005376344086021501
0.8247422680412371
0.907608695652174
0.0
0.0
0.04020100502512558
0.00497512437810943
0.0
0.8737864077669903
0.0
0.1466992665036675
0.014634146341463428
0.014563106796116498
0.9686746987951808
0.8157248157248157
0.0
0.0
0.005376344086021501
0.8767908309455588
0.8169014084507042
0.6507462686567165
0.6458333333333333
0.13218390804597702
0.7830985915492958
0.8022284122562674
0.9217877094972067
0.11976047904191611
0.45112781954887216
0.8904428904428905
0.061757719714964354
0.8681055155875299
0.0
0.8709677419354839
0.8177570093457944
0.8235294117647058
0.7838479809976246
0.0
0.8640776699029127
0.8020050125313283
0.0
0.3125
0.9263157894736842
0.968421052631579
0.0
0.8301886792452831
0.7971698113207547
0.13365155131264916
0.8400954653937948
0.6777251184834123
0.16842105263157892
0.020000000000000018
0.8076009501187649
0.18000000000000005
0.09999999999999998
0.0581113801452785
0.6602870813397129
0.8571428571428572
0.8009367681498829
0.8448687350835322
0.0
0.0
0.8578199052132701
0.9184149184149184
0.8551068883610451
0.8584905660377359
0.8681055155875299
0.9142857142857143
0.4492753623188406
0.8056872037914692
0.8619854721549637
0.9285714285714286
0.8142857142857143
0.6161137440758293
0.8990384615384616
0.0
0.24242424242424243
0.8496420047732697
0.8151658767772512
0.8056206088992974
0.8544152744630071
0.33492822966507174
0.08737864077669899
0.014598540145985384
0.8633093525179856
0.8523809523809524
0.8735083532219571
0.8537735849056604
0.8456057007125891
0.84
0.38
0.0
0.8767772511848342
0.0
0.8693586698337292
0.9166666666666666
0.8428571428571429
0.8967136150234741
0.8215962441314554
0.8106796116504854
0.7180722891566265
0.7652582159624413
0.8483412322274881
0.8207792207792208
0.6927083333333333
0.96
0.8484848484848485
0.863961813842482
0.29885057471264365
0.883054892601432
0.8232445520581113
0.0
0.865979381443299
0.14432989690721654
0.004761904761904745
0.15714285714285714
0.4674698795180723
0.05250596658711215
0.8973747016706444
0.7167070217917675
0.8674698795180723
0.98
0.0
0.0
0.8752941176470588
0.8862559241706162
0.7923627684964201
0.8160377358490566
0.8206388206388207
0.5885167464114833
0.861244019138756
0.1649484536082474
0.029055690072639195
0.4113475177304965
0.7036144578313253
0.10280373831775702
0.9061032863849765
0.8123515439429929
0.8699763593380615
0.8571428571428572
0.8476190476190476
0.8369829683698297
0.8530120481927711
0.9484536082474226
0.7737226277372262
0.6901408450704225
0.8773584905660378
0.8598574821852731
0.8815165876777251
0.09478672985781988
0.004773269689737458
0.8779342723004695
0.0
0.46464646464646464
0.0
0.014388489208633115
0.98989898989899
0.009456264775413725
0.0
0.8337236533957846
0.11358024691358026
0.52
0.0
0.815
0.18367346938775508
0.9278350515463918
0.0
0.0
0.2577565632458234
0.8899521531100478
0.8481927710843373
0.10194174757281549
0.8773584905660378
0.7474747474747474
0.12244897959183676
0.014457831325301207
0.8747044917257684
0.0
0.8666666666666667
0.8333333333333334
0.8086124401913876
0.0
0.0
0.3157894736842105
0.7819905213270142
0.7612293144208038
0.7142857142857143
0.98989898989899
0.6259168704156479
0.028301886792452824
0.4444444444444444
0.6666666666666667
0.8218527315914489
0.6810551558752997
0.800982800982801
1.0
0.86
0.0050890585241730735
0.0
0.0
0.8836104513064134
0.014319809069212375
0.7494033412887828
0.0444444444444444
0.0
0.0
0.009478672985781977
0.004739336492891044
0.8658823529411764
0.98
0.94
0.08018867924528306
0.05188679245283023
0.8077858880778589
0.010282776349614386
0.9387755102040817
0.2947368421052632
0.0
0.0
0.8915094339622641
0.7216981132075472
0.7230046948356808
0.0
0.8105515587529977
0.7464114832535885
0.8226600985221675
0.07425742574257421
0.004901960784313708
0.0
0.8888888888888888
0.8537170263788969
0.8941176470588236
0.7535545023696683
0.0
0.98
0.7952380952380953
0.8674698795180723
0.5536992840095465
0.8658823529411764
0.47228915662650606
0.9795918367346939
0.7177033492822966
0.44897959183673475
0.0
0.005649717514124242
0.0
0.004784688995215336
0.42000000000000004
0.94
0.8164251207729468
0.052256532066508266
0.00952380952380949
0.0
0.004773269689737458
0.0
0.7884615384615384
0.10978520286396176
0.0
0.5454545454545454
0.8686868686868687
0.6464646464646464
0.8973747016706444
0.5291005291005291
0.0048661800486617945
0.12621359223300976
0.0
0.9166666666666666
0.7464788732394366
0.5492957746478873
0.12796208530805686
0.8585131894484412
0.850356294536817
0.8592233009708738
0.42105263157894735
0.7989690721649485
0.03608247422680411
0.7754137115839244
0.861904761904762
0.8470588235294118
0.810304449648712
0.8836104513064134
0.00952380952380949
0.0
0.8820754716981132
0.75
0.8240963855421687
0.5467625899280575
0.8277511961722488
0.831353919239905
0.0
0.38186157517899766
0.004784688995215336
0.01098901098901095
0.8655256723716381
0.7350835322195703
0.7942583732057417
0.45833333333333337
0.0
0.845771144278607
0.0
0.8118811881188119
0.8771084337349397
0.8960396039603961
0.06060606060606055
0.18320610687022898
0.12182741116751272
0.8448687350835322
0.19477434679334915
0.023866348448687402
0.8658823529411764
0.02863961813842486
0.8578313253012049
0.9591836734693877
0.9375
0.0
0.021220159151193685
0.8932038834951457
0.009708737864077666
0.6952380952380952
0.8368794326241135
0.8640776699029127
0.8480392156862745
0.9090909090909091
0.010582010582010581
0.7474747474747474
0.524822695035461
0.004739336492891044
0.8076923076923077
0.9512195121951219
0.0
0.0
0.0
0.8850855745721271
0.009685230024213065
0.8798076923076923
0.9544364508393285
0.40816326530612246
0.005063291139240533
0.004987531172069848
0.0
0.8836104513064134
0.01904761904761909
0.0
0.8282828282828283
0.8484848484848485
0.3434343434343434
0.9601873536299765
0.8436018957345972
0.05339805825242716
0.9148936170212766
0.025510204081632626
0.010204081632653073
0.8058252427184466
0.13526570048309183
0.05727923627684961
0.9494949494949495
0.7857142857142857
0.7019230769230769
0.4987775061124694
0.0
0.9292929292929293
0.8416075650118203
0.7931873479318735
0.04081632653061229
0.8405063291139241
0.099290780141844
0.042857142857142816
0.4161490683229814
0.7666666666666666
0.7688679245283019
0.0
0.0
0.0
0.8625592417061612
0.8624708624708625
0.8470588235294118
0.7692307692307692
0.9072164948453608
0.9183673469387755
0.30964467005076146
0.05655526992287918
0.009615384615384581
0.8571428571428572
0.4326923076923077
0.6631578947368422
0.0
0.821256038647343
0.7717647058823529
0.4611764705882353
0.9696969696969697
0.6153846153846154
0.6047745358090186
0.8679245283018868
0.02857142857142858
0.8163265306122449
0.8701923076923077
0.8978622327790974
0.9380952380952381
0.0
0.7228915662650602
0.0
0.010582010582010581
0.058666666666666645
0.9130434782608696
0.8792270531400966
0.8792270531400966
0.014527845036319653
0.9355608591885441
0.014457831325301207
0.7931034482758621
0.8163265306122449
0.0
0.8771084337349397
0.7922705314009661
0.8633093525179856
0.857843137254902
0.21978021978021978
0.02197802197802201
0.6521739130434783
0.016483516483516536
0.9591836734693877
0.09768637532133673
0.9361702127659575
0.005025125628140725
0.01995012468827928
0.8232445520581113
0.7239583333333333
0.010000000000000009
0.0
0.0
0.0
0.005012531328320802
0.08333333333333337
0.8811881188118812
0.8856447688564477
0.0
0.9130434782608696
0.06756756756756754
0.0
0.1822784810126582
0.030612244897959218
0.4483627204030227
0.020408163265306145
0.014851485148514865
0.02481389578163773
0.3783783783783784
0.00990099009900991
0.9471153846153846
0.8428571428571429
0.9858490566037735
0.0
0.03373493975903619
0.2947368421052632
0.47916666666666663
0.6808510638297872
0.0
0.015189873417721489
0.0
0.0
0.024630541871921152
0.02409638554216864
0.17831325301204815
0.04784688995215314
0.7877358490566038
0.9245283018867925
0.0
0.34042553191489366
0.18947368421052635
0.7346938775510203
0.6938775510204082
0.24875621890547261
0.9064748201438849
0.3380281690140845
0.0
0.9164677804295943
0.9223300970873787
0.7421686746987952
0.009661835748792313
0.0
0.04255319148936165
0.6509433962264151
0.76
0.98
0.14070351758793975
0.9072164948453608
0.023474178403755874
0.9086651053864169
0.8477751756440282
0.9160671462829736
0.0
0.0
0.9152542372881356
0.6666666666666667
0.9672897196261683
0.5105386416861827
0.01980198019801982
0.6024691358024692
0.892018779342723
0.03309692671394804
0.9238095238095239
0.0
0.0
0.7775061124694377
0.0
0.052757793764988015
0.9164677804295943
0.0
0.0
0.0
0.8676470588235294
0.5625
0.010204081632653073
0.00992555831265507
0.9320843091334895
0.955503512880562
0.9364705882352942
0.9672897196261683
0.009803921568627416
0.0
0.0
0.28865979381443296
0.004807692307692291
0.028436018957345932
0.014184397163120588
0.9186602870813397
0.9198113207547169
0.8933002481389578
0.8131313131313131
0.01526717557251911
0.01526717557251911
0.0
0.8958837772397095
0.8413461538461539
0.0
0.05970149253731338
0.018823529411764683
0.8247422680412371
0.8524590163934427
0.5806451612903225
0.0
0.0
0.8699763593380615
0.05673758865248224
0.009478672985781977
0.0
0.8852459016393442
0.5106382978723405
0.005025125628140725
0.005050505050505083
0.908235294117647
0.0
0.9245283018867925
0.12826603325415675
0.8509615384615384
0.9090909090909091
0.010075566750629705
0.8862559241706162
0.8009367681498829
0.0
0.64
0.8836104513064134
0.12732095490716178
0.32375979112271536
0.9317647058823529
0.5773195876288659
0.009828009828009798
0.0
0.7576470588235295
0.9047619047619048
0.9672897196261683
0.01534526854219953
0.0
0.8952380952380953
0.5141509433962264
0.7380952380952381
0.14657210401891252
0.09523809523809523
0.8865979381443299
0.8765133171912833
0.9174757281553398
0.014705882352941124
0.8481927710843373
0.8819277108433735
0.8872901678657075
0.15571776155717765
0.02977667493796521
0.049261083743842415
0.004889975550122272
0.004761904761904745
0.0
0.023866348448687402
0.9219858156028369
0.009779951100244544
0.11793611793611791
0.9026128266033254
0.10377358490566035
0.839622641509434
0.909952606635071
0.910377358490566
0.9836065573770492
0.829736211031175
0.48238482384823844
0.0
0.0
0.0
0.9362745098039216
0.0
0.00987654320987652
0.9160671462829736
0.9052132701421801
0.17577197149643708
0.16587677725118488
0.9320843091334895
0.7616822429906542
0.9295774647887324
0.8141176470588235
0.7980535279805353
0.803921568627451
0.0
0.004987531172069848
0.8161209068010076
0.8076923076923077
0.9007263922518159
0.0
0.8113207547169812
0.0
0.8254716981132075
0.9174757281553398
0.8277634961439588
0.6713286713286714
0.00496277915632759
0.0
0.7033492822966507
0.004938271604938316
0.009852216748768461
0.9090909090909091
0.8995215311004785
0.7904761904761904
0.5893719806763285
0.9249394673123487
0.6666666666666667
0.020408163265306145
0.0
0.014925373134328401
0.9304556354916067
0.9476190476190476
0.9219858156028369
0.7511961722488039
0.0
0.937799043062201
0.9260143198090692
0.8862559241706162
0.7913669064748201
0.9263157894736842
0.9032258064516129
0.893719806763285
0.7699757869249395
0.4375
0.0057636887608069065
0.0
0.5175879396984925
0.005012531328320802
0.0
0.9263657957244655
0.72
0.303030303030303
0.0
0.9095354523227384
0.910411622276029
0.5907990314769975
0.0
0.035532994923857864
0.019002375296912066
0.0
0.28
0.7457627118644068
0.5306122448979591
0.13705583756345174
0.9230769230769231
0.6464646464646464
0.010178117048346036
0.0
0.883054892601432
0.64
0.9069212410501193
0.7298578199052133
0.9095238095238095
0.0
0.10880829015544047
0.010443864229765065
0.9278846153846154
0.019230769230769273
0.0
0.5574572127139364
0.8894230769230769
0.3110047846889952
0.8626506024096385
0.8792270531400966
0.8585365853658536
0.005076142131979711
0.8878048780487805
0.0048661800486617945
0.7804878048780488
0.17518248175182483
0.9156626506024097
0.8883495145631068
0.9
0.9370277078085643
0.0
0.03422982885085579
0.9121140142517815
0.8743961352657005
0.46808510638297873
0.8240963855421687
0.8446601941747574
0.8871794871794871
0.863961813842482
0.35789473684210527
0.0
0.0
0.9121140142517815
0.9112709832134293
0.0
0.950354609929078
0.09090909090909094
0.7070707070707071
0.16504854368932043
0.058394160583941646
0.9371980676328502
0.896551724137931
0.8354430379746836
0.9326923076923077
0.9669811320754716
0.08355091383812008
0.0
0.863961813842482
0.7177033492822966
0.0625
0.9086538461538461
0.004796163069544335
0.06730769230769229
0.020408163265306145
0.9099756690997567
0.8682926829268293
0.9230769230769231
0.5652173913043479
0.8899521531100478
0.6469135802469136
0.2222222222222222
0.7912087912087912
0.8602150537634409
0.05249343832021003
0.0
0.0
0.09245742092457421
0.15602836879432624
0.570754716981132
0.46335697399527187
0.1428571428571429
0.0052631578947368585
0.0
0.9121140142517815
0.9086538461538461
0.7416267942583732
0.009685230024213065
0.061224489795918324
0.0
0.800982800982801
0.8888888888888888
0.35351089588377727
0.06282722513089001
0.015706806282722474
0.914004914004914
0.7041564792176039
0.8418491484184915
0.893719806763285
0.09644670050761417
0.0
0.028503562945368155
0.845360824742268
0.8909952606635071
0.8037825059101655
0.21188630490956073
0.8920863309352518
0.8686868686868687
0.9219858156028369
0.8861985472154964
0.6388206388206388
0.7096774193548387
0.891566265060241
0.0
0.9108433734939759
0.05288461538461542
0.0
0.9033816425120773
0.8439024390243902
0.19512195121951215
0.0
0.03970223325062039
0.920863309352518
0.15311004784688997
0.7523364485981309
0.9647058823529412
0.9361702127659575
0.06382978723404253
0.276595744680851
0.9290953545232274
0.9339853300733496
0.9174757281553398
0.9411764705882353
0.03970223325062039
0.0
0.0
0.005012531328320802
0.8774509803921569
0.8904761904761904
0.009433962264150941
0.8067632850241546
0.0
0.875
0.8695652173913043
0.1260744985673352
0.9297820823244553
0.019323671497584516
0.4834123222748815
0.4575471698113207
0.4329411764705883
0.0
0.0
0.54
0.7836538461538461
0.9160671462829736
0.0
0.8851674641148325
0.9164677804295943
0.9095238095238095
0.8899297423887588
0.8390243902439024
0.05714285714285716
0.0
0.0
0.033573141486810565
0.0
0.0
0.014251781472684133
0.9078014184397163
0.014423076923076872
0.883495145631068
0.9
0.0
0.47058823529411764
0.02375296912114011
0.9953051643192489
0.7028301886792453
0.19499999999999995
0.21999999999999997
0.8333333333333334
0.34782608695652173
0.18571428571428572
0.851764705882353
0.08247422680412375
0.8113207547169812
0.730310262529833
0.7247058823529412
0.863961813842482
0.8009478672985781
0.850356294536817
0.850356294536817
0.8243902439024391
0.0
0.01055408970976257
0.0
0.2691292875989446
0.0
0.8476190476190476
0.8752941176470588
0.8483412322274881
0.817966903073286
0.004854368932038833
0.8329411764705883
0.0
0.0
0.8232323232323232
0.17961165048543692
0.0
0.03809523809523807
0.09501187648456055
0.8803827751196173
0.8652482269503546
0.8484848484848485
0.9508196721311475
0.28776978417266186
0.0
0.7474747474747474
0.4844124700239808
0.05012531328320802
0.07556675062972296
0.0
0.8653846153846154
0.8413461538461539
0.8743961352657005
0.4962025316455696
0.8633093525179856
0.0
0.9320843091334895
0.05797101449275366
0.0
0.8767772511848342
0.6572769953051643
0.8584905660377359
0.7511737089201878
0.8544152744630071
0.0
0.8666666666666667
0.8755980861244019
0.5484633569739953
0.3014354066985646
0.8732394366197183
0.0
0.8557919621749409
0.9142857142857143
0.9696969696969697
0.0
0.8537735849056604
0.11764705882352944
0.0
0.0
0.850356294536817
0.014184397163120588
0.16587677725118488
0.8705882352941177
0.9715639810426541
0.6921241050119331
0.6378896882494005
0.8467153284671532
0.9090909090909091
0.806366047745358
0.8530805687203792
0.8564705882352941
0.8611764705882353
0.8201438848920863
0.9859154929577465
0.02810304449648715
0.6078886310904872
0.9883449883449883
0.0
0.8894117647058823
0.8376470588235294
0.6510538641686183
0.851764705882353
0.6666666666666667
0.7738693467336684
0.8436018957345972
0.7755102040816326
0.8430913348946136
0.8679245283018868
0.8243559718969555
0.0
0.6509433962264151
0.0
0.9626168224299065
0.8502415458937198
0.8571428571428572
0.3657957244655582
0.0048661800486617945
0.004842615012106588
0.13238770685579193
0.8551401869158879
0.5522041763341068
0.836104513064133
0.0
0.8393285371702638
0.410377358490566
0.8523809523809524
0.0
0.08398950131233596
0.0
0.8206388206388207
0.0
0.8088235294117647
0.8591549295774648
0.7981220657276995
0.08421052631578951
0.9292929292929293
0.01025641025641022
0.8671328671328671
0.859122401847575
0.0
0.0
0.8693586698337292
0.8738317757009346
0.8329411764705883
0.875
0.8436724565756824
0.0
0.0
0.8611764705882353
0.8997668997668997
0.8779342723004695
0.0
0.8685446009389671
0.705607476635514
0.8578199052132701
0.8160377358490566
0.0
0.0
0.863961813842482
0.5567010309278351
0.863849765258216
0.8624708624708625
0.7571428571428571
0.9090909090909091
0.01927710843373498
0.0
0.01918465227817745
0.8524590163934427
0.8863109048723898
0.8213457076566125
0.8758782201405152
0.717948717948718
0.4421052631578948
0.8631090487238979
0.17249417249417254
0.0
0.8162291169451074
0.0
0.8591549295774648
0.9263157894736842
0.7139364303178484
0.0
0.0
0.8537735849056604
0.014117647058823568
0.8309859154929577
0.8618266978922717
0.44859813084112155
0.6431924882629108
0.8537735849056604
0.2748815165876777
0.8530805687203792
0.8888888888888888
0.8598574821852731
0.18867924528301883
0.7632850241545894
0.9072164948453608
